0, 0
0, 0
0, 0
0, 0
0, 0
0, 0
0, 0
0, 0
0, 0
0, 0
0, 0
0, 0
0, 0
0, 0
0, 0
0, 0
0, 0
0, 0
0, 0
0, 0
0, 0
0, 0
0, 0
0, 0
0, 0
0, 0
0, 0
0, 0
0, 0
0, 0
0, 0
0, 0
0, 0
0, 0
0, 0
0, 0
0, 0
0, 0
0, 0
0, 0
0, 0
0, 0
0, 0
0, 0
0, 0
0, 0
0, 0
0, 0
0, 0
0, 0
0, 0
0, 0
0, 0
0, 0
0, 0
0, 0
0, 0
0, 0
0, 0
0, 0
0, 0
0, 0
0, 0
0, 0
0, 0
0, 0
0, 0
0, 0
0, 0
0, 0
0, 0
0, 0
0, 0
0, 0
0, 0
0, 0
0, 0
0, 0
0, 0
0, 0
0, 0
0, 0
0, 0
0, 0
0, 0
0, 0
0, 0
0, 0
0, 0
0, 0
0, 0
0, 0
0, 0
0, 0
0, 0
0, 0
0, 0
0, 0
0, 0
0, 0
0, 0
0, 0
0, 0
0, 0
0, 0
0, 0
0, 0
0, 0
0, 0
0, 0
0, 0
0, 0
0, 0
0, 0
0, 0
0, 0
0, 0
0, 0
0, 0
0, 0
0, 0
0, 0
0, 0
0, 0
0, 0
0, 0
0, 0
0, 0
0, 0
0, 0
0, 0
0, 0
0, 0
0, 0
0, 0
0, 0
0, 0
0, 0
0, 0
0, 0
0, 0
0, 0
0, 0
0, 0
0, 0
0, 0
0, 0
0, 0
0, 0
0, 0
0, 0
0, 0
0, 0
0, 0
0, 0
0, 0
0, 0
0, 0
0, 0
0, 0
0, 0
0, 0
0, 0
0, 0
0, 0
0, 0
0, 0
0, 0
0, 0
0, 0
0, 0
0.000527778, -1.05874e-09
0.00105556, -4.37614e-09
0.00158333, -9.03464e-09
0.00211111, -1.59518e-08
0.00263889, -2.421e-08
0.00358333, -4.4725e-08
0.00452778, -7.10301e-08
0.00547222, -1.03072e-07
0.00641667, -1.40904e-07
0.00775, -2.04648e-07
0.00908333, -2.81033e-07
0.0104167, -3.6775e-07
0.01175, -4.6711e-07
0.0133611, -6.01583e-07
0.0149722, -7.55187e-07
0.0165833, -9.2452e-07
0.0181944, -1.11561e-06
0.0200833, -1.36062e-06
0.0219722, -1.6362e-06
0.0238611, -1.93274e-06
0.02575, -2.25986e-06
0.0278889, -2.65658e-06
0.0300278, -3.09306e-06
0.0321667, -3.55586e-06
0.0343056, -4.05842e-06
0.0366389, -4.63756e-06
0.0389722, -5.26444e-06
0.0413056, -5.92222e-06
0.0436389, -6.62774e-06
0.0459722, -7.36692e-06
0.0485278, -8.23785e-06
0.0510833, -9.15169e-06
0.0536389, -1.01269e-05
0.0561944, -1.1145e-05
0.0589444, -1.23094e-05
0.0616944, -1.35257e-05
0.0644444, -1.48109e-05
0.0671944, -1.61479e-05
0.0701389, -1.76562e-05
0.0730833, -1.92262e-05
0.0760278, -2.08729e-05
0.0789722, -2.25813e-05
0.0819167, -2.43665e-05
0.0850556, -2.63334e-05
0.0881945, -2.83788e-05
0.0913333, -3.04881e-05
0.0946389, -3.27946e-05
0.0979444, -3.51737e-05
0.10125, -3.7638e-05
0.104556, -4.01749e-05
0.108028, -4.29259e-05
0.1115, -4.57466e-05
0.114972, -4.86534e-05
0.118444, -5.16298e-05
0.121917, -5.46863e-05
0.125389, -5.78003e-05
0.129028, -6.11499e-05
0.132667, -6.45643e-05
0.136306, -6.80649e-05
0.139944, -7.16235e-05
0.143778, -7.54515e-05
0.147611, -7.93455e-05
0.151444, -8.33187e-05
0.155278, -8.73579e-05
0.159278, -9.16495e-05
0.163278, -9.59981e-05
0.167278, -0.000100423
0.171278, -0.000104906
0.175444, -0.000109657
0.179611, -0.000114471
0.183778, -0.000119359
0.187944, -0.000124292
0.192305, -0.000129534
0.196667, -0.000134817
0.201028, -0.00014016
0.205389, -0.000145545
0.209944, -0.000151234
0.2145, -0.000156959
0.219055, -0.000162726
0.223611, -0.00016853
0.228333, -0.00017458
0.233055, -0.000180647
0.237778, -0.000186748
0.2425, -0.000192854
0.247222, -0.000198972
0.252111, -0.000205312
0.257, -0.000211652
0.261889, -0.000217961
0.266778, -0.000224246
0.271861, -0.00023075
0.276944, -0.000237212
0.282028, -0.000243618
0.287111, -0.000249982
0.292389, -0.000256515
0.297667, -0.000262975
0.302944, -0.000269345
0.308222, -0.000275615
0.3135, -0.00028178
0.318972, -0.000288036
0.324444, -0.000294179
0.329917, -0.000300169
0.335389, -0.000306015
0.341055, -0.000311909
0.346722, -0.000317629
0.352389, -0.000323156
0.358055, -0.000328494
0.363889, -0.000333753
0.369722, -0.000338808
0.375555, -0.000343609
0.381389, -0.000348173
0.387417, -0.000352621
0.393444, -0.000356812
0.399472, -0.000360735
0.4055, -0.000364383
0.411528, -0.000367726
0.41775, -0.000370886
0.423972, -0.000373719
0.430194, -0.000376261
0.436417, -0.000378476
0.442861, -0.000380461
0.449305, -0.000382092
0.45575, -0.000383415
0.462194, -0.000384382
0.468805, -0.000385053
0.475417, -0.000385348
0.482028, -0.000385321
0.488639, -0.000384918
0.495444, -0.000384188
0.50225, -0.000383104
0.509055, -0.000381706
0.515861, -0.000379953
0.522861, -0.00037782
0.529861, -0.000375309
0.536861, -0.000372468
0.543861, -0.00036925
0.551028, -0.000365611
0.558194, -0.000361574
0.565361, -0.000357194
0.572528, -0.000352415
0.579694, -0.000347292
0.587056, -0.000341615
0.594417, -0.000335571
0.601778, -0.000329111
0.609139, -0.000322284
0.616722, -0.000314815
0.624306, -0.000306951
0.631889, -0.000298652
0.639472, -0.000289957
0.647222, -0.00028062
0.654972, -0.000270867
0.662722, -0.000260663
0.670472, -0.000250042
0.678444, -0.000238644
0.686417, -0.000226801
0.694389, -0.000214485
0.702361, -0.000201724
0.710528, -0.000188159
0.718694, -0.000174124
0.726861, -0.000159596
0.735028, -0.000144597
0.743361, -0.000128783
0.751694, -0.000112475
0.760028, -9.56575e-05
0.768361, -7.83465e-05
0.776694, -6.05263e-05
0.78525, -4.17147e-05
0.793805, -2.23621e-05
0.802361, -2.49326e-06
0.810916, 1.79166e-05
0.819722, 3.94648e-05
0.828528, 6.1591e-05
0.837333, 8.4259e-05
0.846139, 0.000107505
0.855166, 0.000131903
0.864194, 0.000156913
0.873222, 0.000182488
0.882249, 0.000208675
0.891499, 0.000236096
0.900749, 0.000264164
0.909999, 0.00029282
0.919249, 0.000322124
0.928749, 0.000352835
0.938249, 0.000384234
0.947749, 0.00041625
0.957249, 0.000448952
0.966999, 0.000483159
0.976749, 0.000518096
0.986499, 0.000553676
0.996249, 0.000589985
1.006, 0.000626939
1.01597, 0.00066549
1.02594, 0.000704722
1.03592, 0.000744711
1.04589, 0.000785379
1.05611, 0.000827854
1.06633, 0.000871051
1.07655, 0.000915036
1.08678, 0.000959742
1.09725, 0.00100636
1.10772, 0.00105375
1.11819, 0.00110195
1.12866, 0.00115092
1.13933, 0.00120164
1.15, 0.00125316
1.16066, 0.00130552
1.17133, 0.00135869
1.18219, 0.00141369
1.19305, 0.00146953
1.20391, 0.00152623
1.21477, 0.00158377
1.22588, 0.00164354
1.237, 0.00170419
1.24811, 0.00176574
1.25922, 0.00182817
1.27033, 0.00189151
1.28169, 0.00195718
1.29305, 0.0020238
1.30441, 0.00209134
1.31577, 0.00215983
1.32735, 0.0022306
1.33894, 0.00230237
1.35052, 0.00237508
1.3621, 0.00244878
1.37396, 0.00252523
1.38583, 0.00260274
1.39769, 0.00268122
1.40955, 0.00276076
1.42169, 0.00284317
1.43382, 0.0029267
1.44596, 0.00301125
1.4581, 0.0030969
1.47049, 0.00318538
1.48288, 0.00327501
1.49527, 0.00336571
1.50766, 0.00345756
1.52004, 0.00355047
1.53274, 0.00364687
1.54543, 0.0037444
1.55813, 0.00384314
1.57082, 0.00394299
1.58379, 0.00404629
1.59676, 0.00415076
1.60974, 0.00425648
1.62271, 0.00436338
1.6359, 0.0044734
1.6491, 0.00458465
1.66229, 0.00469718
1.67548, 0.00481094
1.68868, 0.00492599
1.70209, 0.00504424
1.71551, 0.00516383
1.72893, 0.00528467
1.74234, 0.00540686
1.75604, 0.00553288
1.76973, 0.00566031
1.78342, 0.00578904
1.79712, 0.00591917
1.81103, 0.00605276
1.82495, 0.0061878
1.83887, 0.00632419
1.85278, 0.00646202
1.86692, 0.00660344
1.88106, 0.00674637
1.8952, 0.00689068
1.90933, 0.00703649
1.92375, 0.0071866
1.93817, 0.00733828
1.95258, 0.00749139
1.967, 0.00764607
1.98166, 0.0078049
1.99633, 0.00796538
2.011, 0.00812732
2.02566, 0.0082909
2.0406, 0.00845909
2.05555, 0.00862899
2.07049, 0.00880041
2.08543, 0.00897354
2.10038, 0.00914818
2.11532, 0.00932454
2.13051, 0.0095054
2.14571, 0.00968804
2.1609, 0.00987224
2.17637, 0.0100616
2.19184, 0.0102527
2.20731, 0.0104455
2.22279, 0.01064
2.23842, 0.0108384
2.25406, 0.0110385
2.2697, 0.0112405
2.28534, 0.0114441
2.30097, 0.0116496
2.31683, 0.0118598
2.33269, 0.0120718
2.34855, 0.0122856
2.36441, 0.0125013
2.38049, 0.0127217
2.39658, 0.0129442
2.41266, 0.0131684
2.42874, 0.0133946
2.44504, 0.0136257
2.46135, 0.0138588
2.47765, 0.0140938
2.49395, 0.0143307
2.51026, 0.0145695
2.52678, 0.0148136
2.54331, 0.0150596
2.55984, 0.0153077
2.57636, 0.0155576
2.59311, 0.015813
2.60986, 0.0160704
2.62661, 0.0163298
2.64335, 0.0165912
2.66027, 0.0168574
2.67718, 0.0171255
2.6941, 0.0173958
2.71101, 0.0176681
2.72815, 0.0179461
2.74529, 0.0182262
2.76242, 0.0185085
2.77956, 0.0187928
2.79692, 0.0190831
2.81428, 0.0193754
2.83163, 0.0196701
2.84899, 0.0199668
2.86655, 0.0202691
2.8841, 0.0205736
2.90165, 0.0208804
2.9192, 0.0211893
2.93701, 0.021505
2.95481, 0.0218229
2.97261, 0.0221432
2.99042, 0.0224657
3.00844, 0.0227946
3.02646, 0.0231258
3.04449, 0.0234594
3.06251, 0.0237953
3.08073, 0.0241373
3.09895, 0.0244816
3.11717, 0.0248284
3.13539, 0.0251775
3.15361, 0.0255291
3.17205, 0.0258873
3.19049, 0.0262481
3.20893, 0.0266113
3.22737, 0.0269769
3.24598, 0.0273483
3.26459, 0.0277223
3.28319, 0.0280987
3.3018, 0.0284777
3.3206, 0.0288632
3.3394, 0.0292512
3.35821, 0.0296417
3.37701, 0.0300349
3.39598, 0.0304341
3.41494, 0.0308359
3.43391, 0.0312402
3.45288, 0.0316473
3.4721, 0.0320623
3.49131, 0.03248
3.51053, 0.0329003
3.52975, 0.0333234
3.54922, 0.0337546
3.56868, 0.0341886
3.58815, 0.0346253
3.60762, 0.0350648
3.62709, 0.035507
3.64655, 0.035952
3.66619, 0.0364035
3.68582, 0.0368579
3.70545, 0.0373149
3.72509, 0.0377748
3.74497, 0.0382434
3.76485, 0.0387149
3.78474, 0.0391891
3.80462, 0.0396664
3.82475, 0.0401524
3.84489, 0.0406414
3.86502, 0.0411333
3.88515, 0.0416283
3.90551, 0.0421315
3.92586, 0.0426379
3.94622, 0.0431471
3.96657, 0.0436595
3.98712, 0.0441796
4.00767, 0.044703
4.02822, 0.0452292
4.04877, 0.0457587
4.06954, 0.0462968
4.09031, 0.0468383
4.11108, 0.0473826
4.13185, 0.0479303
4.15279, 0.0484853
4.17372, 0.0490437
4.19466, 0.049605
4.2156, 0.0501698
4.2367, 0.050742
4.2578, 0.0513176
4.27891, 0.0518963
4.30001, 0.0524784
4.32111, 0.0530635
4.34241, 0.0536574
4.36371, 0.0542545
4.38501, 0.054855
4.4063, 0.0554586
4.4276, 0.0560656
4.44909, 0.0566814
4.47058, 0.0573007
4.49207, 0.0579231
4.51356, 0.058549
4.53522, 0.059183
4.55688, 0.0598206
4.57854, 0.0604613
4.60019, 0.0611057
4.62204, 0.0617591
4.6439, 0.0624161
4.66575, 0.0630764
4.6876, 0.0637403
4.70967, 0.0644143
4.73174, 0.065092
4.75382, 0.065773
4.77589, 0.0664578
4.79818, 0.0671528
4.82048, 0.0678516
4.84277, 0.0685538
4.86507, 0.0692599
4.88753, 0.0699745
4.90999, 0.0706931
4.93245, 0.0714151
4.95491, 0.072141
4.97737, 0.0728703
5, 0.0736089
5.02262, 0.074351
5.04525, 0.075097
5.06788, 0.0758465
5.09067, 0.0766055
5.11346, 0.0773677
5.13626, 0.0781334
5.15905, 0.0789023
5.18201, 0.0796804
5.20497, 0.0804618
5.22792, 0.0812467
5.25088, 0.0820349
5.27398, 0.0828315
5.29708, 0.0836313
5.32018, 0.0844347
5.34327, 0.0852415
5.36654, 0.0860577
5.3898, 0.0868772
5.41306, 0.0877004
5.43633, 0.088527
5.45973, 0.0893622
5.48313, 0.0902007
5.50653, 0.091043
5.52993, 0.0918886
5.5535, 0.092744
5.57707, 0.0936029
5.60064, 0.0944654
5.6242, 0.0953315
5.64788, 0.0962053
5.67156, 0.0970827
5.69524, 0.0979638
5.71891, 0.0988485
5.74259, 0.0997368
5.76635, 0.100632
5.79011, 0.101531
5.81387, 0.102433
5.83764, 0.103339
5.86148, 0.104252
5.88532, 0.105168
5.90917, 0.106089
5.93301, 0.107013
5.95702, 0.107947
5.98103, 0.108884
6.00504, 0.109826
6.02905, 0.110771
6.05319, 0.111726
6.07734, 0.112684
6.10149, 0.113646
6.12564, 0.114612
6.14992, 0.115587
6.17421, 0.116566
6.19849, 0.117549
6.22278, 0.118535
6.2472, 0.119532
6.27163, 0.120532
6.29605, 0.121535
6.32048, 0.122543
6.34504, 0.12356
6.3696, 0.124582
6.39416, 0.125607
6.41872, 0.126636
6.44328, 0.127668
6.46793, 0.128709
6.49257, 0.129753
6.51722, 0.130801
6.54186, 0.131853
6.56662, 0.132914
6.59137, 0.133979
6.61613, 0.135048
6.64088, 0.13612
6.66572, 0.137201
6.69056, 0.138285
6.71539, 0.139373
6.74023, 0.140466
6.76507, 0.141562
6.79004, 0.142668
6.81502, 0.143779
6.83999, 0.144893
6.86497, 0.146012
6.89011, 0.147142
6.91525, 0.148276
6.94039, 0.149414
6.96553, 0.150557
6.99067, 0.151703
7.01595, 0.15286
7.04123, 0.154021
7.06651, 0.155186
7.09179, 0.156355
7.11715, 0.157533
7.14251, 0.158714
7.16787, 0.1599
7.19323, 0.161089
7.21868, 0.162287
7.24412, 0.163489
7.26957, 0.164696
7.29501, 0.165906
7.32045, 0.167121
7.34595, 0.168342
7.37145, 0.169568
7.39695, 0.170798
7.42244, 0.172032
7.44805, 0.173275
7.47366, 0.174523
7.49927, 0.175775
7.52488, 0.177032
7.55062, 0.178299
7.57637, 0.179571
7.60212, 0.180847
7.62786, 0.182128
7.65375, 0.183419
7.67963, 0.184715
7.70552, 0.186015
7.7314, 0.18732
7.75731, 0.18863
7.78322, 0.189945
7.80913, 0.191264
7.83504, 0.192588
7.86104, 0.193919
7.88703, 0.195256
7.91302, 0.196597
7.93902, 0.197942
7.96501, 0.199291
7.99111, 0.200651
8.01722, 0.202015
8.04332, 0.203383
8.06942, 0.204756
8.09566, 0.206141
8.12191, 0.20753
8.14815, 0.208924
8.17439, 0.210321
8.20079, 0.211733
8.2272, 0.213149
8.25361, 0.214569
8.28001, 0.215994
8.30653, 0.21743
8.33305, 0.218869
8.35956, 0.220314
8.38608, 0.221763
8.41276, 0.223226
8.43944, 0.224693
8.46612, 0.226165
8.4928, 0.227642
8.5196, 0.229129
8.54639, 0.230621
8.57318, 0.232118
8.59997, 0.233619
8.6269, 0.235133
8.65383, 0.236651
8.68076, 0.238175
8.70769, 0.239703
8.7347, 0.24124
8.76171, 0.242782
8.78872, 0.244329
8.81573, 0.24588
8.84275, 0.247436
8.86984, 0.249002
8.89693, 0.250573
8.92403, 0.252148
8.95112, 0.253728
8.97829, 0.255317
9.00547, 0.256912
9.03265, 0.258511
9.05982, 0.260115
9.08713, 0.261732
9.11445, 0.263354
9.14176, 0.26498
9.16907, 0.266612
9.19649, 0.268255
9.22392, 0.269903
9.25134, 0.271555
9.27876, 0.273213
9.30627, 0.27488
9.33377, 0.276553
9.36128, 0.27823
9.38878, 0.279912
9.4164, 0.281606
9.44401, 0.283305
9.47162, 0.285008
9.49924, 0.286717
9.52693, 0.288436
9.55463, 0.29016
9.58233, 0.291888
9.61002, 0.293622
9.63772, 0.295361
9.66555, 0.297113
9.69339, 0.29887
9.72122, 0.300633
9.74905, 0.3024
9.777, 0.30418
9.80494, 0.305964
9.83288, 0.307754
9.86082, 0.309549
9.88888, 0.311356
9.91693, 0.313168
9.94498, 0.314985
9.97303, 0.316807
10.0011, 0.318634
10.0292, 0.320468
10.0572, 0.322308
10.0853, 0.324152
10.1134, 0.326002
10.1416, 0.327865
10.1698, 0.329734
10.198, 0.331608
10.2263, 0.333488
10.2546, 0.335378
10.2829, 0.337273
10.3112, 0.339173
10.3395, 0.341079
10.3679, 0.343001
10.3964, 0.344928
10.4248, 0.34686
10.4533, 0.348798
10.4819, 0.35075
10.5105, 0.352708
10.5391, 0.354671
10.5677, 0.35664
10.5963, 0.358613
10.625, 0.360598
10.6537, 0.362588
10.6824, 0.364583
10.7111, 0.366583
10.74, 0.368595
10.7688, 0.370611
10.7976, 0.372632
10.8264, 0.374656
10.8552, 0.376685
10.8841, 0.378723
10.913, 0.380766
10.9419, 0.382813
10.9708, 0.384862
10.9999, 0.386926
11.0289, 0.388992
11.0579, 0.391063
11.087, 0.393136
11.1162, 0.395222
11.1453, 0.397311
11.1745, 0.399403
11.2037, 0.401498
11.2329, 0.403602
11.2622, 0.405708
11.2914, 0.407818
11.3207, 0.40993
11.35, 0.412052
11.3794, 0.414176
11.4087, 0.416304
11.4381, 0.418434
11.4674, 0.420567
11.4969, 0.422716
11.5264, 0.424867
11.5559, 0.427021
11.5854, 0.429179
11.615, 0.431347
11.6447, 0.433519
11.6743, 0.435693
11.7039, 0.437871
11.7336, 0.440059
11.7633, 0.442251
11.7931, 0.444446
11.8228, 0.446644
11.8526, 0.448848
11.8823, 0.451056
11.9121, 0.453265
11.9419, 0.455478
11.9718, 0.457702
12.0017, 0.45993
12.0317, 0.462159
12.0616, 0.464391
12.0916, 0.466631
12.1216, 0.468875
12.1516, 0.47112
12.1816, 0.473368
12.2117, 0.475626
12.2418, 0.477887
12.2719, 0.48015
12.302, 0.482416
12.3323, 0.484694
12.3625, 0.486976
12.3927, 0.489258
12.423, 0.491543
12.4532, 0.493829
12.4836, 0.496124
12.5139, 0.49842
12.5442, 0.500718
12.5746, 0.503017
12.605, 0.505325
12.6354, 0.507635
12.6658, 0.509946
12.6962, 0.512259
12.7268, 0.514584
12.7573, 0.516911
12.7879, 0.51924
12.8184, 0.521569
12.8491, 0.523908
12.8797, 0.526248
12.9104, 0.528589
12.9411, 0.530931
12.9717, 0.533274
13.0025, 0.535624
13.0332, 0.537976
13.0639, 0.540329
13.0948, 0.542689
13.1256, 0.54505
13.1564, 0.547413
13.1873, 0.549776
13.2181, 0.552141
13.249, 0.554515
13.28, 0.55689
13.3109, 0.559266
13.3418, 0.561644
13.3728, 0.564029
13.4039, 0.566415
13.4349, 0.568802
13.4659, 0.57119
13.4969, 0.573579
13.528, 0.575974
13.5591, 0.57837
13.5901, 0.580767
13.6212, 0.583165
13.6523, 0.585568
13.6835, 0.587973
13.7146, 0.590378
13.7457, 0.592785
13.777, 0.595202
13.8082, 0.597619
13.8395, 0.600038
13.8707, 0.602457
13.902, 0.604883
13.9333, 0.607309
13.9646, 0.609736
13.9959, 0.612164
14.0273, 0.614603
14.0587, 0.617042
14.0901, 0.619483
14.1215, 0.621924
14.153, 0.624376
14.1845, 0.626828
14.216, 0.629282
14.2476, 0.631736
14.2791, 0.634193
14.3107, 0.636658
14.3423, 0.639125
14.374, 0.641593
14.4056, 0.644062
14.4373, 0.646539
14.469, 0.649017
14.5007, 0.651496
14.5324, 0.653976
14.5642, 0.656461
14.5959, 0.658949
14.6277, 0.661436
14.6595, 0.663926
14.6914, 0.666426
14.7233, 0.668927
14.7552, 0.671428
14.7871, 0.67393
14.819, 0.676436
14.851, 0.678943
14.883, 0.68145
14.9149, 0.683958
14.9469, 0.68647
14.9789, 0.688983
15.0109, 0.691496
15.043, 0.694009
15.075, 0.696525
15.107, 0.699042
15.1391, 0.701559
15.1711, 0.704076
15.2033, 0.706602
15.2354, 0.709129
15.2676, 0.711656
15.2997, 0.714184
15.3319, 0.716711
15.364, 0.71924
15.3963, 0.721775
15.4285, 0.724311
15.4607, 0.726846
15.493, 0.729383
15.5252, 0.731922
15.5575, 0.734461
15.5897, 0.737001
15.622, 0.739541
15.6543, 0.742082
15.6865, 0.744623
15.7188, 0.747164
15.7511, 0.749706
15.7834, 0.752257
15.8158, 0.754808
15.8482, 0.75736
15.8805, 0.759912
15.913, 0.762471
15.9454, 0.76503
15.9779, 0.76759
16.0104, 0.77015
16.0429, 0.772718
16.0754, 0.775285
16.108, 0.777853
16.1405, 0.780422
16.1731, 0.782997
16.2057, 0.785573
16.2384, 0.788149
16.271, 0.790726
16.3036, 0.793302
16.3362, 0.79588
16.3689, 0.798462
16.4016, 0.801045
16.4343, 0.803628
16.467, 0.806218
16.4998, 0.808808
16.5325, 0.811399
16.5653, 0.81399
16.5981, 0.816584
16.6309, 0.819178
16.6637, 0.821773
16.6964, 0.824368
16.7292, 0.826963
16.7621, 0.829568
16.795, 0.832173
16.8279, 0.834778
16.8608, 0.837384
16.8939, 0.840001
16.9269, 0.842619
16.9599, 0.845237
16.993, 0.847856
17.0261, 0.850479
17.0591, 0.853103
17.0922, 0.855727
17.1253, 0.858351
17.1585, 0.860981
17.1916, 0.863611
17.2248, 0.866241
17.2579, 0.868871
17.2911, 0.871504
17.3243, 0.874138
17.3574, 0.876772
17.3906, 0.879407
17.4238, 0.882042
17.4569, 0.884677
17.4901, 0.887313
17.5233, 0.889949
17.5565, 0.892585
17.5897, 0.895231
17.623, 0.897877
17.6563, 0.900524
17.6896, 0.903171
17.723, 0.905825
17.7563, 0.90848
17.7897, 0.911135
17.8231, 0.91379
17.8565, 0.916455
17.89, 0.91912
17.9235, 0.921786
17.957, 0.924451
17.9905, 0.927124
18.0241, 0.929798
18.0577, 0.932472
18.0912, 0.935146
18.1248, 0.937825
18.1584, 0.940504
18.1921, 0.943184
18.2257, 0.945865
18.2593, 0.948546
18.2929, 0.951229
18.3266, 0.953913
18.3602, 0.956597
18.3939, 0.959282
18.4276, 0.961971
18.4613, 0.964662
18.495, 0.967352
18.5287, 0.970043
18.5624, 0.972736
18.5961, 0.97543
18.6298, 0.978124
18.6636, 0.980817
18.6974, 0.983519
18.7312, 0.98622
18.7651, 0.988921
18.7989, 0.991621
18.8328, 0.994328
18.8668, 0.997034
18.9007, 0.999739
18.9346, 1.00244
18.9685, 1.00515
19.0024, 1.00785
19.0364, 1.01055
19.0703, 1.01324
19.1042, 1.01594
19.1382, 1.01864
19.1721, 1.02134
19.2061, 1.02404
19.2401, 1.02673
19.2741, 1.02943
19.3082, 1.03213
19.3422, 1.03483
19.3762, 1.03752
19.4103, 1.04022
19.4443, 1.04291
19.4783, 1.0456
19.5124, 1.04829
19.5464, 1.05098
19.5805, 1.05367
19.6145, 1.05636
19.6486, 1.05905
19.6828, 1.06174
19.7169, 1.06443
19.7511, 1.06712
19.7853, 1.06981
19.8195, 1.07251
19.8538, 1.0752
19.8881, 1.0779
19.9223, 1.08059
19.9566, 1.08328
19.9909, 1.08597
20.0251, 1.08866
20.0594, 1.09135
20.0937, 1.09403
20.1281, 1.09673
20.1625, 1.09942
20.1969, 1.10211
20.2313, 1.1048
20.2657, 1.10749
20.3001, 1.11018
20.3345, 1.11287
20.3689, 1.11555
20.4033, 1.11824
20.4377, 1.12093
20.4721, 1.12361
20.5065, 1.1263
20.541, 1.12899
20.5754, 1.13167
20.6099, 1.13436
20.6443, 1.13705
20.6788, 1.13973
20.7134, 1.14243
20.748, 1.14513
20.7826, 1.14783
20.8172, 1.15053
20.8519, 1.15323
20.8865, 1.15594
20.9212, 1.15864
20.9558, 1.16134
20.9905, 1.16405
21.0251, 1.16675
21.0597, 1.16946
21.0944, 1.17217
21.1291, 1.17488
21.1637, 1.17759
21.1984, 1.1803
21.2331, 1.18302
21.2677, 1.18574
21.3024, 1.18845
21.3371, 1.19117
21.3718, 1.19389
21.4064, 1.19662
21.4411, 1.19934
21.4758, 1.20207
21.5106, 1.2048
21.5453, 1.20753
21.58, 1.21027
21.6148, 1.21301
21.6496, 1.21575
21.6843, 1.2185
21.7191, 1.22125
21.7539, 1.224
21.7887, 1.22675
21.8236, 1.22951
21.8584, 1.23227
21.8932, 1.23503
21.928, 1.2378
21.9628, 1.24056
21.9976, 1.24333
22.0324, 1.2461
22.0672, 1.24887
22.102, 1.25165
22.1368, 1.25443
22.1717, 1.25721
22.2065, 1.26
22.2414, 1.26279
22.2763, 1.26558
22.3112, 1.26838
22.3461, 1.27118
22.381, 1.27398
22.4159, 1.27679
22.4509, 1.2796
22.4859, 1.28242
22.5209, 1.28524
22.5559, 1.28806
22.5909, 1.29088
22.6259, 1.29371
22.6609, 1.29654
22.6959, 1.29937
22.7309, 1.3022
22.7659, 1.30504
22.8009, 1.30787
22.8359, 1.31071
22.8709, 1.31356
22.9059, 1.3164
22.941, 1.31926
22.976, 1.32211
23.0111, 1.32497
23.0462, 1.32783
23.0813, 1.3307
23.1164, 1.33356
23.1515, 1.33643
23.1867, 1.33931
23.2218, 1.34219
23.257, 1.34507
23.2921, 1.34796
23.3273, 1.35084
23.3625, 1.35373
23.3977, 1.35663
23.4329, 1.35952
23.4681, 1.36242
23.5034, 1.36533
23.5386, 1.36823
23.5739, 1.37114
23.6091, 1.37404
23.6443, 1.37695
23.6796, 1.37986
23.7148, 1.38277
23.7501, 1.38568
23.7854, 1.38859
23.8206, 1.3915
23.8559, 1.39441
23.8912, 1.39732
23.9264, 1.40023
23.9617, 1.40314
23.997, 1.40605
24.0322, 1.40895
24.0676, 1.41186
24.1029, 1.41477
24.1382, 1.41767
24.1735, 1.42058
24.2089, 1.42349
24.2443, 1.42639
24.2797, 1.42929
24.3151, 1.43219
24.3505, 1.43509
24.3859, 1.43799
24.4213, 1.44089
24.4567, 1.44378
24.4922, 1.44668
24.5277, 1.44957
24.5632, 1.45247
24.5987, 1.45536
24.6342, 1.45825
24.6697, 1.46113
24.7052, 1.46402
24.7407, 1.4669
24.7763, 1.46978
24.8118, 1.47266
24.8473, 1.47554
24.8828, 1.47841
24.9184, 1.48128
24.9539, 1.48415
24.9894, 1.48701
25.025, 1.48987
25.0605, 1.49273
25.0961, 1.49558
25.1316, 1.49843
25.1672, 1.50129
25.2028, 1.50414
25.2384, 1.50698
25.274, 1.50982
25.3097, 1.51267
25.3454, 1.51551
25.381, 1.51834
25.4167, 1.52118
25.4524, 1.52401
25.4881, 1.52684
25.5238, 1.52966
25.5595, 1.53248
25.5952, 1.5353
25.6309, 1.53812
25.6666, 1.54093
25.7023, 1.54374
25.738, 1.54654
25.7737, 1.54935
25.8094, 1.55215
25.8452, 1.55494
25.8809, 1.55774
25.9167, 1.56053
25.9524, 1.56332
25.9882, 1.5661
26.024, 1.56889
26.0597, 1.57167
26.0955, 1.57444
26.1313, 1.57722
26.1671, 1.57999
26.2029, 1.58276
26.2388, 1.58553
26.2747, 1.5883
26.3105, 1.59106
26.3464, 1.59382
26.3823, 1.59658
26.4181, 1.59933
26.454, 1.60208
26.4899, 1.60482
26.5257, 1.60757
26.5616, 1.6103
26.5975, 1.61304
26.6333, 1.61577
26.6692, 1.6185
26.705, 1.62122
26.7408, 1.62394
26.7767, 1.62666
26.8125, 1.62937
26.8484, 1.63208
26.8842, 1.63478
26.9201, 1.63749
26.9559, 1.64019
26.9917, 1.64288
27.0276, 1.64557
27.0634, 1.64826
27.0993, 1.65095
27.1352, 1.65364
27.1711, 1.65632
27.207, 1.659
27.2429, 1.66167
27.2788, 1.66435
27.3147, 1.66702
27.3506, 1.66968
27.3866, 1.67235
27.4225, 1.67501
27.4584, 1.67766
27.4943, 1.68032
27.5303, 1.68297
27.5662, 1.68561
27.6021, 1.68826
27.6381, 1.6909
27.6741, 1.69354
27.71, 1.69617
27.746, 1.69881
27.782, 1.70144
27.8181, 1.70407
27.8541, 1.7067
27.8901, 1.70932
27.9262, 1.71194
27.9624, 1.71457
27.9986, 1.71719
28.0347, 1.71981
28.0709, 1.72243
28.1071, 1.72504
28.1433, 1.72765
28.1796, 1.73026
28.2158, 1.73287
28.252, 1.73547
28.2882, 1.73807
28.3245, 1.74066
28.3607, 1.74326
28.3969, 1.74584
28.4332, 1.74843
28.4694, 1.75101
28.5057, 1.75359
28.5419, 1.75617
28.5782, 1.75874
28.6144, 1.76131
28.6507, 1.76388
28.687, 1.76644
28.7233, 1.769
28.7595, 1.77155
28.7958, 1.77411
28.8321, 1.77665
28.8683, 1.7792
28.9047, 1.78175
28.941, 1.78429
28.9773, 1.78683
29.0137, 1.78936
29.0501, 1.7919
29.0866, 1.79444
29.1231, 1.79698
29.1596, 1.79951
29.1963, 1.80205
29.2329, 1.80459
29.2695, 1.80712
29.3062, 1.80965
29.3428, 1.81217
29.3795, 1.81469
29.4162, 1.81721
29.4528, 1.81973
29.4895, 1.82224
29.5262, 1.82475
29.5629, 1.82726
29.5996, 1.82976
29.6363, 1.83226
29.673, 1.83476
29.7096, 1.83725
29.7463, 1.83974
29.783, 1.84222
29.8199, 1.84471
29.8567, 1.8472
29.8935, 1.84968
29.9304, 1.85216
29.9673, 1.85464
30.0042, 1.85712
30.0411, 1.8596
30.078, 1.86207
30.1151, 1.86454
30.1521, 1.86701
30.1891, 1.86948
30.2261, 1.87195
30.2632, 1.87441
30.3003, 1.87687
30.3373, 1.87932
30.3744, 1.88177
30.4115, 1.88422
30.4486, 1.88667
30.4856, 1.88911
30.5227, 1.89155
30.5598, 1.89398
30.597, 1.89642
30.6342, 1.89885
30.6714, 1.90128
30.7086, 1.90371
30.7458, 1.90613
30.783, 1.90856
30.8203, 1.91097
30.8575, 1.91339
30.8947, 1.9158
30.932, 1.91821
30.9693, 1.92062
31.0067, 1.92302
31.044, 1.92542
31.0813, 1.92782
31.1186, 1.93022
31.156, 1.93261
31.1933, 1.935
31.2308, 1.93739
31.2682, 1.93978
31.3057, 1.94216
31.3431, 1.94454
31.3806, 1.94692
31.4181, 1.94929
31.4556, 1.95166
31.4931, 1.95403
31.5306, 1.95639
31.5681, 1.95875
31.6056, 1.96111
31.6431, 1.96347
31.6806, 1.96581
31.7181, 1.96816
31.7556, 1.9705
31.7931, 1.97284
31.8306, 1.97518
31.8682, 1.97751
31.9057, 1.97984
31.9433, 1.98216
31.9808, 1.98448
32.0183, 1.9868
32.0559, 1.98912
32.0935, 1.99143
32.1311, 1.99374
32.1687, 1.99605
32.2064, 1.99835
32.244, 2.00066
32.2817, 2.00295
32.3193, 2.00525
32.357, 2.00754
32.3947, 2.00983
32.4324, 2.01211
32.4701, 2.01439
32.5078, 2.01667
32.5455, 2.01895
32.5832, 2.02122
32.6209, 2.02349
32.6586, 2.02575
32.6964, 2.02802
32.7342, 2.03028
32.7719, 2.03253
32.8097, 2.03479
32.8475, 2.03703
32.8853, 2.03928
32.9231, 2.04152
32.961, 2.04377
32.9989, 2.046
33.0368, 2.04824
33.0746, 2.05047
33.1125, 2.0527
33.1505, 2.05493
33.1885, 2.05716
33.2264, 2.05938
33.2644, 2.0616
33.3023, 2.06382
33.3403, 2.06604
33.3783, 2.06825
33.4162, 2.07046
33.4543, 2.07267
33.4923, 2.07488
33.5304, 2.07709
33.5684, 2.07929
33.6065, 2.0815
33.6445, 2.0837
33.6826, 2.0859
33.7206, 2.08809
33.7587, 2.09029
33.7968, 2.09249
33.8348, 2.09468
33.8729, 2.09688
33.911, 2.09907
33.9491, 2.10126
33.9872, 2.10346
34.0253, 2.10565
34.0635, 2.10784
34.1016, 2.11004
34.1397, 2.11223
34.1779, 2.11442
34.216, 2.11662
34.2542, 2.11881
34.2923, 2.12101
34.3305, 2.12321
34.3686, 2.1254
34.4068, 2.1276
34.445, 2.1298
34.4832, 2.132
34.5214, 2.13421
34.5596, 2.13641
34.5979, 2.13862
34.6361, 2.14082
34.6743, 2.14303
34.7127, 2.14524
34.751, 2.14745
34.7893, 2.14967
34.8276, 2.15188
34.866, 2.1541
34.9044, 2.15632
34.9428, 2.15853
34.9812, 2.16075
35.0195, 2.16297
35.0579, 2.16519
35.0963, 2.16741
35.1347, 2.16964
35.1731, 2.17186
35.2116, 2.17409
35.25, 2.17631
35.2884, 2.17854
35.3269, 2.18077
35.3653, 2.183
35.4038, 2.18523
35.4423, 2.18746
35.4807, 2.18969
35.5192, 2.19192
35.5576, 2.19415
35.5961, 2.19639
35.6346, 2.19862
35.673, 2.20085
35.7115, 2.20309
35.75, 2.20532
35.7884, 2.20756
35.8269, 2.2098
35.8654, 2.21204
35.9039, 2.21428
35.9424, 2.21652
35.981, 2.21876
36.0195, 2.22101
36.0581, 2.22325
36.0966, 2.2255
36.1352, 2.22774
36.1738, 2.22999
36.2123, 2.23224
36.2509, 2.23449
36.2895, 2.23674
36.3281, 2.23899
36.3666, 2.24124
36.4052, 2.24349
36.4438, 2.24574
36.4823, 2.24799
36.5209, 2.25025
36.5596, 2.25251
36.5982, 2.25476
36.6369, 2.25702
36.6756, 2.25928
36.7142, 2.26155
36.7529, 2.26381
36.7915, 2.26607
36.8302, 2.26833
36.8689, 2.2706
36.9075, 2.27286
36.9462, 2.27513
36.9849, 2.27739
37.0236, 2.27966
37.0623, 2.28193
37.101, 2.2842
37.1398, 2.28647
37.1785, 2.28874
37.2172, 2.29102
37.256, 2.29329
37.2947, 2.29556
37.3334, 2.29784
37.3722, 2.30011
37.4109, 2.30239
37.4497, 2.30467
37.4885, 2.30695
37.5273, 2.30923
37.566, 2.31151
37.6048, 2.31379
37.6436, 2.31607
37.6824, 2.31836
37.7212, 2.32064
37.76, 2.32292
37.7988, 2.32521
37.8377, 2.3275
37.8765, 2.32979
37.9154, 2.33208
37.9542, 2.33437
37.9931, 2.33666
38.0319, 2.33895
38.0708, 2.34124
38.1096, 2.34354
38.1485, 2.34583
38.1874, 2.34813
38.2262, 2.35042
38.2651, 2.35272
38.304, 2.35502
38.3429, 2.35732
38.3818, 2.35962
38.4207, 2.36192
38.4597, 2.36422
38.4986, 2.36652
38.5375, 2.36883
38.5765, 2.37113
38.6155, 2.37344
38.6544, 2.37575
38.6934, 2.37805
38.7324, 2.38036
38.7714, 2.38266
38.8104, 2.38497
38.8494, 2.38728
38.8885, 2.38958
38.9275, 2.39189
38.9665, 2.39419
39.0056, 2.3965
39.0446, 2.3988
39.0836, 2.4011
39.1227, 2.4034
39.1618, 2.4057
39.2009, 2.40799
39.2399, 2.41029
39.279, 2.41259
39.3182, 2.41488
39.3573, 2.41717
39.3964, 2.41946
39.4356, 2.42175
39.4748, 2.42403
39.514, 2.42631
39.5532, 2.4286
39.5924, 2.43087
39.6316, 2.43315
39.6709, 2.43543
39.7101, 2.43769
39.7495, 2.43997
39.7888, 2.44223
39.8282, 2.4445
39.8675, 2.44676
39.9069, 2.44901
39.9462, 2.45126
39.9855, 2.4535
40.0248, 2.45574
40.0642, 2.45798
40.1035, 2.46022
40.1429, 2.46245
40.1823, 2.46467
40.2217, 2.4669
40.2612, 2.46912
40.3006, 2.47134
40.3401, 2.47356
40.3796, 2.47577
40.4191, 2.47798
40.4587, 2.48019
40.4982, 2.48239
40.5378, 2.48459
40.5774, 2.4868
40.617, 2.489
40.6567, 2.4912
40.6963, 2.49339
40.736, 2.49559
40.7757, 2.49778
40.8155, 2.49997
40.8552, 2.50216
40.8949, 2.50434
40.9347, 2.50652
40.9745, 2.50871
41.0143, 2.51089
41.0541, 2.51306
41.0939, 2.51524
41.1338, 2.51741
41.1736, 2.51958
41.2134, 2.52175
41.2533, 2.52391
41.2932, 2.52607
41.333, 2.52823
41.3729, 2.53039
41.4127, 2.53254
41.4527, 2.53469
41.4926, 2.53684
41.5325, 2.53899
41.5724, 2.54113
41.6123, 2.54327
41.6523, 2.54541
41.6923, 2.54755
41.7322, 2.54968
41.7722, 2.55181
41.8122, 2.55394
41.8522, 2.55607
41.8922, 2.55819
41.9322, 2.56031
41.9723, 2.56243
42.0124, 2.56455
42.0524, 2.56666
42.0925, 2.56878
42.1327, 2.57089
42.1729, 2.573
42.213, 2.57511
42.2532, 2.57721
42.2934, 2.57932
42.3336, 2.58142
42.3739, 2.58352
42.4141, 2.58561
42.4544, 2.5877
42.4947, 2.58979
42.535, 2.59187
42.5753, 2.59395
42.6157, 2.59603
42.656, 2.5981
42.6964, 2.60017
42.7368, 2.60223
42.7771, 2.60429
42.8175, 2.60634
42.858, 2.60838
42.8984, 2.61042
42.9388, 2.61245
42.9792, 2.61448
43.0196, 2.6165
43.0601, 2.61851
43.1005, 2.62051
43.141, 2.62251
43.1814, 2.62451
43.2219, 2.62649
43.2624, 2.62847
43.3029, 2.63045
43.3434, 2.63241
43.3838, 2.63437
43.4243, 2.63632
43.4649, 2.63827
43.5054, 2.64021
43.5459, 2.64215
43.5865, 2.64408
43.627, 2.646
43.6676, 2.64791
43.7082, 2.64982
43.7487, 2.65172
43.7894, 2.65362
43.83, 2.65551
43.8706, 2.65739
43.9112, 2.65927
43.9519, 2.66114
43.9926, 2.66301
44.0333, 2.66487
44.0741, 2.66672
44.1148, 2.66857
44.1556, 2.67042
44.1963, 2.67226
44.2371, 2.67409
44.2779, 2.67592
44.3188, 2.67775
44.3596, 2.67957
44.4005, 2.68138
44.4413, 2.68319
44.4822, 2.685
44.5231, 2.6868
44.564, 2.6886
44.6049, 2.69039
44.6459, 2.69218
44.6868, 2.69397
44.7277, 2.69575
44.7687, 2.69753
44.8097, 2.69931
44.8506, 2.70109
44.8916, 2.70286
44.9326, 2.70463
44.9737, 2.70641
45.0148, 2.70818
45.0558, 2.70995
45.0969, 2.71172
45.138, 2.71348
45.1791, 2.71525
45.2201, 2.71701
45.2612, 2.71877
45.3023, 2.72054
45.3433, 2.7223
45.3846, 2.72407
45.4258, 2.72583
45.467, 2.7276
45.5082, 2.72937
45.5494, 2.73113
45.5907, 2.7329
45.6319, 2.73466
45.6732, 2.73643
45.7145, 2.7382
45.7559, 2.73996
45.7972, 2.74173
45.8386, 2.7435
45.88, 2.74527
45.9214, 2.74703
45.9628, 2.7488
46.0042, 2.75057
46.0457, 2.75234
46.0872, 2.7541
46.1287, 2.75587
46.1702, 2.75764
46.2117, 2.75941
46.2533, 2.76118
46.2948, 2.76294
46.3363, 2.76471
46.3779, 2.76648
46.4195, 2.76825
46.4611, 2.77001
46.5026, 2.77178
46.5443, 2.77354
46.5859, 2.77531
46.6275, 2.77708
46.6692, 2.77884
46.7108, 2.78061
46.7524, 2.78237
46.794, 2.78413
46.8357, 2.7859
46.8774, 2.78766
46.919, 2.78942
46.9607, 2.79119
47.0024, 2.79295
47.0441, 2.79471
47.0858, 2.79647
47.1275, 2.79823
47.1692, 2.79999
47.2109, 2.80176
47.2527, 2.80352
47.2945, 2.80528
47.3363, 2.80704
47.3781, 2.8088
47.42, 2.81057
47.4618, 2.81233
47.5037, 2.81409
47.5455, 2.81585
47.5875, 2.81761
47.6295, 2.81938
47.6714, 2.82114
47.7134, 2.82291
47.7554, 2.82467
47.7974, 2.82643
47.8394, 2.82819
47.8814, 2.82995
47.9234, 2.83172
47.9655, 2.83348
48.0075, 2.83524
48.0496, 2.837
48.0917, 2.83876
48.1338, 2.84053
48.176, 2.84229
48.2181, 2.84405
48.2602, 2.84581
48.3024, 2.84757
48.3446, 2.84934
48.3867, 2.8511
48.4289, 2.85285
48.471, 2.85461
48.5132, 2.85637
48.5553, 2.85813
48.5975, 2.85989
48.6396, 2.86164
48.6818, 2.8634
48.724, 2.86515
48.7661, 2.86691
48.8083, 2.86866
48.8505, 2.87041
48.8926, 2.87217
48.9348, 2.87392
48.977, 2.87567
49.0192, 2.87742
49.0614, 2.87917
49.1037, 2.88092
49.1459, 2.88267
49.1881, 2.88443
49.2304, 2.88618
49.2727, 2.88793
49.315, 2.88968
49.3573, 2.89143
49.3997, 2.89318
49.442, 2.89493
49.4844, 2.89668
49.5267, 2.89843
49.5691, 2.90018
49.6114, 2.90193
49.6538, 2.90368
49.6961, 2.90543
49.7385, 2.90717
49.781, 2.90892
49.8234, 2.91067
49.8658, 2.91241
49.9082, 2.91416
49.9506, 2.9159
49.9931, 2.91764
50.0355, 2.91938
50.0779, 2.92112
50.1203, 2.92285
50.1627, 2.92458
50.2051, 2.92631
50.2476, 2.92804
50.29, 2.92976
50.3324, 2.93148
50.3748, 2.9332
50.4172, 2.93492
50.4595, 2.93664
50.5019, 2.93835
50.5443, 2.94006
50.5867, 2.94177
50.6291, 2.94348
50.6714, 2.94518
50.7138, 2.94689
50.7562, 2.94859
50.7986, 2.95029
50.8411, 2.95199
50.8835, 2.95368
50.9259, 2.95538
50.9683, 2.95707
51.0107, 2.95876
51.0531, 2.96045
51.0955, 2.96213
51.1379, 2.96381
51.1804, 2.96549
51.2228, 2.96716
51.2652, 2.96883
51.3076, 2.9705
51.3501, 2.97216
51.3926, 2.97383
51.4351, 2.97548
51.4776, 2.97714
51.52, 2.97879
51.5625, 2.98044
51.605, 2.98209
51.6475, 2.98373
51.69, 2.98537
51.7325, 2.987
51.775, 2.98863
51.8175, 2.99026
51.86, 2.99188
51.9024, 2.99351
52.0476, 2.1919
52.0376, 1.73523
52.0487, 1.78558
52.0649, 1.79897
52.0838, 1.80067
52.1033, 1.80164
52.1456, 1.80333
52.1879, 1.80464
52.2302, 1.80632
52.2726, 1.80762
52.3149, 1.8093
52.3572, 1.81059
52.3995, 1.81226
52.4419, 1.81355
52.4842, 1.81521
52.5265, 1.81649
52.5689, 1.81815
52.5975, 1.80675
52.6243, 1.81914
52.6492, 1.81683
52.6731, 1.82302
52.6954, 1.8207
52.7171, 1.82341
52.738, 1.82158
52.7584, 1.82316
52.7783, 1.82227
52.8206, 1.82411
52.863, 1.82505
52.9053, 1.82688
52.9476, 1.8278
52.9898, 1.82963
53.0321, 1.83055
53.0744, 1.83237
53.1167, 1.83328
53.159, 1.8351
53.2013, 1.836
53.2436, 1.83781
53.3144, 1.8201
53.3719, 1.81075
53.4239, 1.80302
53.4715, 1.79885
53.5155, 1.79462
53.5565, 1.79235
53.595, 1.79005
53.6314, 1.7891
53.6661, 1.78822
53.6991, 1.7883
53.7307, 1.78848
53.7702, 1.78717
53.8087, 1.78742
53.8454, 1.78891
53.8802, 1.78987
53.9132, 1.7911
53.956, 1.77889
53.9978, 1.76975
54.0367, 1.76736
54.0862, 1.77271
54.1313, 1.7778
54.1734, 1.7782
54.2126, 1.77971
54.2503, 1.77907
54.2861, 1.7797
54.3207, 1.77928
54.3539, 1.77992
54.397, 1.78407
54.4349, 1.78469
54.4773, 1.78577
54.5197, 1.7871
54.5749, 1.7875
54.6298, 1.78771
54.6819, 1.78936
54.7323, 1.78962
54.7795, 1.79023
54.8249, 1.78972
54.8677, 1.78956
54.909, 1.78881
54.9482, 1.78846
55.0012, 1.79917
55.0419, 1.80031
55.0787, 1.79728
55.1131, 1.79313
55.147, 1.78957
55.1801, 1.7868
55.2127, 1.78512
55.2445, 1.78415
55.2756, 1.78383
55.3057, 1.78387
55.348, 1.78488
55.3903, 1.78544
55.4326, 1.78644
55.475, 1.787
55.5173, 1.78799
55.5596, 1.78854
55.6019, 1.78953
55.6442, 1.79006
55.6866, 1.79105
55.7289, 1.79158
55.7712, 1.79255
55.8135, 1.79308
55.8558, 1.79405
55.8982, 1.79456
55.9405, 1.79553
55.9828, 1.79604
56.0251, 1.79699
56.0674, 1.7975
56.1183, 1.68453
56.1607, 1.68572
56.2018, 1.60719
56.2616, 1.64189
56.3141, 1.65633
56.3608, 1.67265
56.402, 1.67488
56.4395, 1.68158
56.4742, 1.68143
56.5065, 1.68525
56.537, 1.68535
56.5794, 1.68716
56.6217, 1.68838
56.664, 1.69018
56.7064, 1.6914
56.7487, 1.6932
56.791, 1.69441
56.8334, 1.69621
56.8757, 1.69742
56.9181, 1.69921
56.9876, 1.6892
57.0462, 1.68231
57.0886, 1.68305
57.1311, 1.68508
57.1886, 1.70562
57.2221, 1.71194
57.2528, 1.71039
57.2829, 1.71003
57.3131, 1.70942
57.343, 1.71014
57.3724, 1.7109
57.4013, 1.71233
57.4516, 1.7011
57.4939, 1.70215
57.5362, 1.70419
57.6093, 1.696
57.6718, 1.69716
57.7275, 1.69167
57.7773, 1.69318
57.8236, 1.68993
57.8663, 1.69167
57.9069, 1.69019
57.9572, 1.69275
57.9996, 1.69362
58.0395, 1.69418
58.0777, 1.69479
58.1147, 1.69544
58.1503, 1.69619
58.1847, 1.697
58.2179, 1.6979
58.2498, 1.69885
58.2806, 1.69987
58.3279, 1.70213
58.3739, 1.70201
58.418, 1.7042
58.4602, 1.70477
58.5005, 1.70669
58.5392, 1.70768
58.5762, 1.70947
58.6118, 1.71073
58.646, 1.71246
58.679, 1.71391
58.7214, 1.71526
58.7639, 1.71642
58.8064, 1.71778
58.8489, 1.71894
58.8913, 1.72029
58.9338, 1.72145
58.9762, 1.7228
59.0186, 1.72396
59.0611, 1.72531
59.1036, 1.72647
59.1461, 1.72781
59.2002, 1.73126
59.2556, 1.72706
59.3051, 1.72507
59.3512, 1.72327
59.3939, 1.72282
59.4341, 1.72234
59.472, 1.72268
59.5081, 1.72292
59.5424, 1.72366
59.5848, 1.72485
59.6271, 1.7264
59.6694, 1.72759
59.7342, 1.72565
59.7908, 1.72562
59.8418, 1.72654
59.8895, 1.72775
59.9346, 1.72901
59.9775, 1.73029
60.0184, 1.73154
60.0692, 1.73204
60.118, 1.73191
60.1647, 1.73224
60.2089, 1.73242
60.2505, 1.73301
60.29, 1.73351
60.3274, 1.73427
60.3632, 1.73496
60.3973, 1.73582
60.4302, 1.73664
60.4618, 1.73758
60.5041, 1.73885
60.5465, 1.74
60.5889, 1.74127
60.6601, 1.74124
60.7235, 1.73909
60.7765, 1.73821
60.8273, 1.738
60.8724, 1.73808
60.9159, 1.73841
60.9585, 1.73919
61.001, 1.74068
61.0436, 1.74145
61.0862, 1.74294
61.1288, 1.74372
61.1714, 1.74521
61.214, 1.74598
61.2565, 1.74746
61.2991, 1.74823
61.3417, 1.74972
61.3843, 1.75049
61.4269, 1.75197
61.4694, 1.75274
61.512, 1.75422
61.5545, 1.75499
61.5971, 1.75647
61.6396, 1.75723
61.6822, 1.75871
61.7575, 1.69096
61.8009, 1.72224
61.844, 1.75135
61.8916, 1.75961
61.9411, 1.74982
61.9853, 1.74878
62.0267, 1.74346
62.0641, 1.74314
62.0992, 1.7404
62.132, 1.74032
62.1631, 1.73867
62.2068, 1.75849
62.2683, 1.75357
62.3278, 1.74241
62.3816, 1.73287
62.4293, 1.72646
62.4723, 1.72287
62.5116, 1.72118
62.5481, 1.72067
62.5824, 1.72084
62.615, 1.72139
62.6461, 1.72216
62.6884, 1.72368
62.7308, 1.72524
62.7731, 1.72677
62.8154, 1.72832
62.8577, 1.72984
62.9, 1.73139
62.9423, 1.73292
62.9846, 1.73447
63.0269, 1.73599
63.0692, 1.73754
63.1235, 1.71758
63.1606, 1.73787
63.1994, 1.73804
63.2376, 1.74975
63.2756, 1.7463
63.3131, 1.75285
63.3486, 1.74863
63.3839, 1.75276
63.4166, 1.74871
63.4651, 1.75931
63.5192, 1.7565
63.5722, 1.75649
63.62, 1.75352
63.6649, 1.75436
63.7062, 1.75301
63.7457, 1.75438
63.7828, 1.75355
63.8188, 1.75481
63.8529, 1.75407
63.8952, 1.75453
63.9373, 1.75718
63.9795, 1.75764
64.0217, 1.76029
64.0639, 1.76076
64.106, 1.76341
64.1482, 1.76388
64.1903, 1.76653
64.2325, 1.767
64.2747, 1.76965
64.3169, 1.77012
64.3589, 1.77277
64.4011, 1.77324
64.4432, 1.77589
64.4853, 1.77636
64.5274, 1.77902
64.5695, 1.77949
64.6115, 1.78214
64.6536, 1.78262
64.6957, 1.78527
64.7378, 1.78575
64.7799, 1.7884
64.822, 1.78888
64.864, 1.79154
64.9061, 1.79202
64.9481, 1.79467
64.9902, 1.79515
65.0322, 1.79781
65.0742, 1.7983
65.1161, 1.80096
65.1582, 1.80145
65.2001, 1.80412
65.2422, 1.80461
65.2843, 1.80729
65.3263, 1.80779
65.3684, 1.81046
65.4105, 1.81097
65.4526, 1.81365
65.4947, 1.81416
65.5368, 1.81685
65.5789, 1.81736
65.621, 1.82006
65.6632, 1.82057
65.7052, 1.82327
65.7474, 1.82379
65.7895, 1.8265
65.8316, 1.82702
65.8737, 1.82973
65.9158, 1.83025
65.9579, 1.83296
66, 1.8335
66.042, 1.83621
66.0842, 1.83675
66.1262, 1.83946
66.1683, 1.84
66.2104, 1.84272
66.2525, 1.84327
66.2945, 1.84599
66.3366, 1.84654
66.3786, 1.84927
66.4207, 1.84982
66.4627, 1.85255
66.5048, 1.85311
66.5468, 1.85584
66.5889, 1.85641
66.6309, 1.85915
66.673, 1.85971
66.715, 1.86245
66.7571, 1.86302
66.7991, 1.86577
66.8413, 1.86634
66.8833, 1.8691
66.9254, 1.86968
66.9675, 1.87243
67.0096, 1.87302
67.0516, 1.87578
67.0937, 1.87636
67.1357, 1.87913
67.1778, 1.87972
67.2198, 1.88248
67.2619, 1.88308
67.3039, 1.88585
67.346, 1.88645
67.3881, 1.88923
67.4302, 1.88983
67.4722, 1.89261
67.5143, 1.89322
67.5564, 1.89601
67.5985, 1.89662
67.6405, 1.89941
67.6827, 1.90002
67.7248, 1.90282
67.7669, 1.90344
67.809, 1.90624
67.8511, 1.90686
67.8932, 1.90967
67.9354, 1.9103
67.9775, 1.91311
68.0197, 1.91374
68.0618, 1.91655
68.1039, 1.91719
68.146, 1.92001
68.1881, 1.92065
68.2302, 1.92347
68.2723, 1.92411
68.3144, 1.92694
68.3565, 1.92759
68.3986, 1.93042
68.4407, 1.93107
68.4828, 1.9339
68.525, 1.93456
68.567, 1.9374
68.6092, 1.93806
68.6512, 1.9409
68.9745, 2.20826
69.0319, 2.06255
69.0735, 1.99777
69.111, 1.96635
69.1465, 1.95786
69.1807, 1.95815
69.2448, 1.96161
69.3085, 2.00579
69.3602, 2.00715
69.407, 2.03965
69.4461, 2.02903
69.4807, 2.05369
69.513, 2.04037
69.5414, 2.06132
69.5702, 2.04903
69.6122, 2.05273
69.6544, 2.05151
69.6964, 2.05521
69.7385, 2.054
69.7547, 2.03973
69.8118, 2.01076
69.8661, 2.02425
69.9174, 2.00718
69.964, 2.02348
70.0077, 2.00757
70.05, 2.0114
70.0924, 2.01082
70.1347, 2.01465
70.2023, 2.01032
70.2541, 2.01659
70.3043, 2.0108
70.3491, 2.01204
70.3935, 2.00763
70.4346, 2.00897
70.4769, 2.00934
70.5191, 2.01182
70.5614, 2.01219
70.6036, 2.01467
70.6459, 2.01505
70.6891, 2.00453
70.7487, 1.99315
70.8048, 1.99502
70.8568, 1.98861
70.9033, 1.99225
70.9471, 1.98638
70.9893, 1.98884
71.0315, 1.98999
71.0736, 1.99245
71.1159, 1.9936
71.158, 1.99605
71.2002, 1.99721
71.2424, 1.99966
71.2846, 2.00081
71.3267, 2.00326
71.3689, 2.00441
71.4111, 2.00685
71.4533, 2.008
71.4954, 2.01045
71.5377, 2.0116
71.5798, 2.01404
71.6221, 2.01519
71.6643, 2.01763
71.7277, 2.07547
71.7658, 2.06349
71.7984, 2.05639
71.8313, 2.04425
71.8833, 1.99767
71.9418, 1.98236
71.998, 1.98393
72.0503, 1.9809
72.0983, 1.98393
72.1432, 1.98204
72.1849, 1.98471
72.2243, 1.98384
72.2614, 1.98649
72.297, 1.98661
72.3475, 1.98779
72.3997, 1.9798
72.4489, 1.98408
72.4966, 1.98062
72.5419, 1.98438
72.5854, 1.98295
72.6269, 1.98599
72.6667, 1.98574
72.7049, 1.98825
72.7416, 1.98871
72.7836, 1.99
72.8256, 1.99166
72.8676, 1.99296
72.9096, 1.99461
72.9517, 1.99591
72.9937, 1.99756
73.0357, 1.99886
73.0777, 2.00051
73.1197, 2.0018
73.1617, 2.00345
73.2037, 2.00474
73.2457, 2.00639
73.2878, 2.00769
73.3298, 2.00933
73.3719, 2.01062
73.4139, 2.01227
73.4559, 2.01356
73.498, 2.01521
73.54, 2.01649
73.5821, 2.01814
73.6537, 2.01218
73.708, 2.00165
73.7573, 2.00189
73.803, 1.99891
73.8455, 2.00061
73.8854, 2.0005
73.9229, 2.00283
73.9585, 2.00402
73.9922, 2.00662
74.0245, 2.00848
74.0663, 2.00993
74.1081, 2.01148
74.1677, 2.02494
74.2079, 2.0284
74.245, 2.0297
74.2813, 2.03059
74.3167, 2.032
74.3513, 2.03358
74.3849, 2.03547
74.4394, 2.03273
74.4986, 2.03285
74.5543, 2.03506
74.6065, 2.03485
74.6549, 2.03594
74.7007, 2.03565
74.7439, 2.03636
74.785, 2.03633
74.8241, 2.03697
74.8616, 2.03724
74.911, 2.03748
74.9621, 2.03694
75.0102, 2.03838
75.0562, 2.03829
75.0996, 2.03937
75.1412, 2.03959
75.1808, 2.04054
75.219, 2.04102
75.2555, 2.04196
75.3056, 2.04202
75.3588, 2.04124
75.4093, 2.04236
75.4573, 2.04207
75.5027, 2.04301
75.5461, 2.04315
75.5876, 2.04404
75.6274, 2.0445
75.6656, 2.0454
75.7024, 2.04607
75.7377, 2.04702
75.7736, 2.04706
75.8138, 2.04679
75.8521, 2.04738
75.8883, 2.04777
75.9223, 2.04888
75.9547, 2.0499
75.9855, 2.05138
76.0151, 2.05279
76.0434, 2.05448
76.0853, 2.05623
76.1272, 2.05749
76.169, 2.05925
76.2109, 2.06051
76.2528, 2.06227
76.2947, 2.06353
76.3366, 2.06529
76.3786, 2.06656
76.4205, 2.06831
76.4624, 2.06958
76.5043, 2.07134
76.5462, 2.07261
76.5881, 2.07437
76.6301, 2.07564
76.672, 2.07741
76.714, 2.07868
76.7559, 2.08045
76.7978, 2.08173
76.8398, 2.0835
76.8818, 2.08478
76.9237, 2.08656
76.9657, 2.08785
77.0077, 2.08963
77.0906, 2.04207
77.1425, 2.05508
77.1907, 2.0576
77.236, 2.06117
77.2791, 2.06172
77.3198, 2.06292
77.3587, 2.06304
77.4095, 2.07165
77.4748, 2.06309
77.5359, 2.0522
77.5912, 2.04454
77.6414, 2.03946
77.6876, 2.03632
77.7308, 2.03456
77.7713, 2.03355
77.8097, 2.03319
77.8463, 2.03311
77.8813, 2.03336
77.9387, 2.03143
77.9935, 2.02931
78.0447, 2.02865
78.0927, 2.0286
78.1378, 2.02945
78.1807, 2.03047
78.2215, 2.03188
78.2606, 2.03327
78.2979, 2.03484
78.3615, 2.02316
78.4059, 2.02406
78.4456, 2.02625
78.4839, 2.02804
78.5214, 2.0299
78.5579, 2.03121
78.5935, 2.03277
78.6278, 2.03396
78.6612, 2.0354
78.6934, 2.03659
78.7246, 2.03797
78.7546, 2.0392
78.8024, 2.04094
78.8524, 2.04305
78.9, 2.04391
78.9466, 2.04542
78.99, 2.04638
79.0322, 2.0478
79.0719, 2.04884
79.1107, 2.05022
79.1473, 2.0513
79.1832, 2.05264
79.2477, 2.05525
79.3081, 2.05562
79.3635, 2.05582
79.4132, 2.05626
79.4593, 2.0571
79.502, 2.0582
79.5424, 2.0595
79.5808, 2.06089
79.6175, 2.06237
79.6596, 2.06375
79.7017, 2.06528
79.7437, 2.06667
79.7858, 2.06819
79.8279, 2.06959
79.8699, 2.07112
79.912, 2.07252
79.9541, 2.07405
79.9962, 2.07545
80.0383, 2.07699
80.0804, 2.0784
80.1065, 2.10499
80.1594, 2.11367
80.2089, 2.10692
80.2567, 2.10764
80.2998, 2.10262
80.3407, 2.10329
80.3784, 2.09993
80.4148, 2.10051
80.4487, 2.09786
80.4904, 2.09878
80.5322, 2.10145
80.5741, 2.10238
80.6159, 2.10505
80.7355, 2.08773
80.7777, 2.09184
80.8205, 2.09381
80.8592, 2.08464
80.893, 2.0795
80.9272, 2.07217
80.9696, 2.07336
81.012, 2.07513
81.0545, 2.07633
81.0969, 2.07811
81.1394, 2.07932
81.1818, 2.0811
81.2243, 2.08232
81.2667, 2.08411
81.3092, 2.08533
81.3517, 2.08713
81.3942, 2.08836
81.4367, 2.09017
81.4792, 2.0914
81.5217, 2.09322
81.5642, 2.09446
81.6067, 2.09628
81.6492, 2.09753
81.6916, 2.09936
81.7341, 2.10062
81.7766, 2.10245
81.8191, 2.10372
81.8616, 2.10556
81.9041, 2.10683
81.9466, 2.10868
81.9891, 2.10995
82.0316, 2.11181
82.0741, 2.11309
82.1165, 2.11496
82.159, 2.11625
82.2015, 2.11812
82.244, 2.11941
82.2866, 2.12129
82.3291, 2.1226
82.3716, 2.12448
82.4141, 2.12579
82.4566, 2.12769
82.4991, 2.129
82.5416, 2.1309
82.5842, 2.13223
82.6267, 2.13413
82.6692, 2.13547
82.7117, 2.13738
82.7543, 2.13872
82.7968, 2.14064
82.8393, 2.14199
82.8819, 2.14391
82.9244, 2.14527
82.967, 2.1472
83.0096, 2.14857
83.0521, 2.15051
83.0947, 2.15188
83.1372, 2.15382
83.1798, 2.1552
83.2223, 2.15715
83.2648, 2.15853
83.3073, 2.1605
83.3498, 2.16188
83.3923, 2.16385
83.4348, 2.16524
83.4773, 2.16722
83.5198, 2.16862
83.5623, 2.1706
83.6048, 2.172
83.6473, 2.17399
83.6898, 2.17541
83.7322, 2.1774
83.7747, 2.17882
83.8172, 2.18082
83.8597, 2.18225
83.9022, 2.18426
83.9447, 2.1857
83.9872, 2.18771
84.0298, 2.18915
84.0723, 2.19118
84.1148, 2.19263
84.1573, 2.19466
84.1999, 2.19612
84.2425, 2.19816
84.285, 2.19962
84.3277, 2.20167
84.3704, 2.20315
84.413, 2.20521
84.4557, 2.20669
84.4984, 2.20875
84.5411, 2.21024
84.5837, 2.21232
84.6264, 2.21381
84.6691, 2.21589
84.7118, 2.2174
84.7545, 2.21948
84.7972, 2.221
84.84, 2.22309
84.8828, 2.22462
84.9256, 2.22672
84.9684, 2.22825
85.0111, 2.23036
85.0539, 2.23189
85.0966, 2.23401
85.1394, 2.23554
85.1821, 2.23766
85.2248, 2.2392
85.2676, 2.24132
85.3103, 2.24286
85.353, 2.24498
85.3957, 2.24653
85.4384, 2.24866
85.4811, 2.25021
85.5238, 2.25234
85.5665, 2.2539
85.6091, 2.25603
85.6423, 2.25761
85.6831, 2.28652
85.7179, 2.28409
85.7495, 2.28876
85.7775, 2.28446
85.8038, 2.28492
85.8282, 2.28218
85.8519, 2.28303
85.8746, 2.28242
85.8969, 2.28426
85.9396, 2.28612
85.9822, 2.28838
86.0248, 2.29024
86.0675, 2.2925
86.1231, 2.33658
86.1636, 2.34323
86.1972, 2.35023
86.2285, 2.34462
86.2577, 2.34483
86.2864, 2.34115
86.3369, 2.31739
86.3948, 2.32195
86.452, 2.32382
86.5044, 2.33318
86.5518, 2.33268
86.5935, 2.33964
86.6326, 2.33721
86.667, 2.34292
86.7009, 2.34041
86.7311, 2.34581
86.7735, 2.34729
86.8159, 2.35007
86.8599, 2.36483
86.9019, 2.36148
86.936, 2.36056
86.9721, 2.35376
87.0056, 2.35128
87.0403, 2.34753
87.0737, 2.34746
87.1073, 2.34707
87.157, 2.33977
87.2121, 2.3477
87.2656, 2.34902
87.3142, 2.3569
87.3592, 2.35577
87.3985, 2.36225
87.4367, 2.36029
87.47, 2.36606
87.5038, 2.36439
87.5336, 2.3698
87.5643, 2.36883
87.6102, 2.37225
87.6641, 2.36429
87.7097, 2.36825
87.7583, 2.36271
87.8008, 2.3663
87.8448, 2.36247
87.8844, 2.36555
87.9246, 2.36311
87.9615, 2.3658
87.9991, 2.37609
88.039, 2.37495
88.077, 2.37048
88.1135, 2.36408
88.1489, 2.358
88.183, 2.3525
88.2163, 2.34811
88.2485, 2.34473
88.2798, 2.34239
88.3229, 2.34352
88.3659, 2.34673
88.417, 2.3559
88.4597, 2.35979
88.5141, 2.36228
88.5693, 2.37034
88.6218, 2.37374
88.6705, 2.37984
88.7164, 2.3817
88.7582, 2.38568
88.8011, 2.38652
88.8439, 2.38971
88.8869, 2.39056
88.9297, 2.39376
88.9726, 2.39462
89.0154, 2.39784
89.0583, 2.3987
89.1012, 2.40193
89.1441, 2.4028
89.1869, 2.40604
89.2298, 2.40692
89.2726, 2.41017
89.3156, 2.41106
89.3584, 2.41432
89.4013, 2.41522
89.4441, 2.41848
89.487, 2.4194
89.5298, 2.42267
89.5728, 2.4236
89.6156, 2.42688
89.6585, 2.42781
89.7136, 2.2619
89.7882, 2.24834
89.8522, 2.28009
89.9075, 2.27854
89.9572, 2.29271
90.0022, 2.28903
90.0438, 2.29678
90.0826, 2.29437
90.119, 2.29972
90.1621, 2.30159
90.205, 2.30495
90.2481, 2.30683
90.2911, 2.31021
90.3342, 2.3121
90.3772, 2.31548
90.4202, 2.31738
90.4632, 2.32078
90.5063, 2.32269
90.5493, 2.32609
90.5925, 2.32802
90.6478, 2.34335
90.7056, 2.32081
90.757, 2.32651
90.8052, 2.31897
90.8503, 2.32301
90.8927, 2.3203
90.9328, 2.32364
90.9708, 2.32323
91.007, 2.32617
91.0501, 2.32814
91.093, 2.33153
91.1361, 2.3335
91.179, 2.3369
91.222, 2.33888
91.2649, 2.34229
91.3079, 2.34428
91.3508, 2.3477
91.3938, 2.3497
91.4368, 2.35313
91.4798, 2.35514
91.5227, 2.35858
91.599, 2.33377
91.6557, 2.32985
91.7071, 2.32703
91.7548, 2.32661
91.7993, 2.32659
91.8412, 2.32767
91.8807, 2.32889
91.9182, 2.33068
91.9538, 2.33253
91.9917, 2.33116
92.0348, 2.32908
92.0762, 2.3319
92.1151, 2.33185
92.1518, 2.33465
92.1866, 2.33564
92.2197, 2.33835
92.2514, 2.33999
92.2817, 2.34266
92.3106, 2.34468
92.3535, 2.34736
92.3963, 2.35033
92.456, 2.35176
92.5073, 2.3524
92.5555, 2.35583
92.6015, 2.35748
92.6454, 2.36036
92.6875, 2.36238
92.7278, 2.36504
92.7666, 2.36724
92.8037, 2.3698
92.8609, 2.37122
92.9118, 2.37403
92.9593, 2.3759
93.005, 2.37846
93.0486, 2.38056
93.0906, 2.38296
93.1308, 2.38515
93.1695, 2.38748
93.2067, 2.3897
93.2495, 2.39186
93.2923, 2.39496
93.3352, 2.39712
93.378, 2.40022
93.4208, 2.4024
93.4636, 2.4055
93.5064, 2.40769
93.5492, 2.4108
93.592, 2.41299
93.6348, 2.4161
93.6776, 2.4183
93.7203, 2.42142
93.7631, 2.42362
93.8058, 2.42675
93.8662, 2.40435
93.9096, 2.4123
93.9524, 2.41513
93.9932, 2.41868
94.0331, 2.42018
94.071, 2.42221
94.1076, 2.42337
94.144, 2.44077
94.2095, 2.4326
94.2735, 2.41587
94.3308, 2.40136
94.3829, 2.39217
94.4301, 2.38592
94.474, 2.3831
94.5148, 2.38157
94.5532, 2.3817
94.5959, 2.3842
94.6384, 2.38792
94.681, 2.39042
94.7235, 2.39415
94.7879, 2.36885
94.8314, 2.3763
94.8716, 2.38273
94.9106, 2.38853
94.9483, 2.39317
94.9907, 2.39559
95.0331, 2.39911
95.0756, 2.40154
95.1179, 2.40506
95.1603, 2.40749
95.2027, 2.41102
95.2645, 2.38506
95.2934, 2.39525
95.323, 2.40285
95.3543, 2.40857
95.4023, 2.42794
95.4669, 2.4343
95.5284, 2.43451
95.585, 2.43499
95.6366, 2.43591
95.6843, 2.43771
95.7288, 2.43989
95.7708, 2.44238
95.8106, 2.44494
95.8486, 2.44754
95.9003, 2.45059
95.9508, 2.45222
95.9983, 2.45397
96.0431, 2.45609
96.0855, 2.45852
96.1258, 2.46111
96.1643, 2.46379
96.2012, 2.4665
96.2365, 2.46922
96.2705, 2.47193
96.3235, 2.47155
96.3709, 2.46953
96.4149, 2.46777
96.4562, 2.46686
96.4949, 2.46674
96.5313, 2.46734
96.5656, 2.4685
96.598, 2.47013
96.6286, 2.47214
96.6577, 2.47445
96.7002, 2.47634
96.7427, 2.48002
96.7852, 2.48192
96.8276, 2.4856
96.8989, 2.49512
96.9431, 2.50078
96.9886, 2.5033
97.0292, 2.50634
97.0698, 2.50787
97.1076, 2.51011
97.1616, 2.51326
97.2157, 2.51175
97.2662, 2.50912
97.3125, 2.507
97.3554, 2.5059
97.3951, 2.50565
97.4325, 2.50608
97.4678, 2.50692
97.5013, 2.50804
97.5332, 2.50934
97.585, 2.51051
97.6358, 2.51001
97.6841, 2.50921
97.73, 2.50902
97.7734, 2.50945
97.8146, 2.51054
97.8536, 2.51207
97.8908, 2.51395
97.9263, 2.51605
97.9602, 2.51832
97.9927, 2.5207
98.0352, 2.52309
98.0776, 2.52661
98.1201, 2.529
98.1626, 2.53253
98.2051, 2.53492
98.2475, 2.53846
98.29, 2.54086
98.3324, 2.5444
98.3748, 2.54681
98.4172, 2.55035
98.4597, 2.55276
98.5149, 2.51681
98.5657, 2.48418
98.6103, 2.46579
98.6518, 2.45563
98.6887, 2.45395
98.7223, 2.4579
98.7527, 2.46631
98.7806, 2.4776
98.8064, 2.49075
98.8486, 2.49248
98.8907, 2.49678
98.9329, 2.49852
98.975, 2.50283
99.0172, 2.50458
99.0592, 2.50888
99.1013, 2.51064
99.1433, 2.51495
99.1855, 2.51671
99.2274, 2.52102
99.2694, 2.52278
99.3113, 2.5271
99.3534, 2.52887
99.3952, 2.53318
99.4373, 2.53496
99.4792, 2.53929
99.5212, 2.54107
99.563, 2.5454
99.605, 2.54719
99.6469, 2.55152
99.6889, 2.55332
99.7307, 2.55766
99.7726, 2.55946
99.8144, 2.5638
99.8564, 2.56561
99.8981, 2.56996
99.9401, 2.57177
99.9819, 2.57613
100.024, 2.57795
100.066, 2.58231
100.108, 2.58414
100.149, 2.58851
100.191, 2.59034
100.233, 2.59472
100.275, 2.59656
100.317, 2.60095
100.359, 2.60279
100.401, 2.60718
100.442, 2.60904
100.484, 2.61344
100.526, 2.61529
100.568, 2.6197
100.61, 2.62157
100.652, 2.62598
100.694, 2.62785
100.735, 2.63226
100.777, 2.63414
100.819, 2.63855
100.861, 2.64043
100.902, 2.64485
100.944, 2.64674
100.986, 2.65116
101.027, 2.65305
101.069, 2.65747
101.111, 2.65937
101.152, 2.6638
101.194, 2.6657
101.236, 2.67014
101.277, 2.67205
101.319, 2.67649
101.361, 2.67841
101.402, 2.68285
101.444, 2.68478
101.485, 2.68923
101.527, 2.69115
101.569, 2.69561
101.61, 2.69754
101.652, 2.702
101.693, 2.70393
101.735, 2.70839
101.776, 2.71034
101.817, 2.71478
101.859, 2.71673
101.9, 2.72118
101.941, 2.72313
101.983, 2.72758
102.024, 2.72953
102.065, 2.73397
102.106, 2.73593
102.147, 2.74038
102.188, 2.74234
102.229, 2.74678
102.27, 2.74874
102.311, 2.75319
102.351, 2.75515
102.392, 2.75958
102.433, 2.76155
102.473, 2.766
102.514, 2.76797
102.554, 2.7724
102.595, 2.77438
102.635, 2.77881
102.676, 2.78079
102.716, 2.78522
102.756, 2.7872
102.796, 2.79164
102.837, 2.79362
102.877, 2.79805
102.917, 2.80004
102.957, 2.80448
102.997, 2.80647
103.037, 2.81089
103.077, 2.8129
103.117, 2.81732
103.157, 2.81933
103.196, 2.82375
103.236, 2.82576
103.276, 2.83018
103.316, 2.83219
103.355, 2.8366
103.395, 2.83861
103.434, 2.84303
103.474, 2.84504
103.513, 2.84945
103.553, 2.85146
103.592, 2.85587
103.632, 2.85789
103.671, 2.8623
103.71, 2.86431
103.749, 2.8687
103.788, 2.87071
103.827, 2.87506
103.866, 2.87705
103.905, 2.88141
103.944, 2.8834
103.982, 2.88776
104.021, 2.88974
104.059, 2.89405
104.098, 2.89603
104.136, 2.90035
104.175, 2.90233
104.213, 2.9066
104.251, 2.90856
104.289, 2.91283
104.327, 2.91479
104.365, 2.91902
104.403, 2.92096
104.44, 2.92519
104.478, 2.92713
104.516, 2.93136
104.554, 2.93328
104.591, 2.93748
104.629, 2.93941
104.666, 2.9436
104.703, 2.94551
104.741, 2.94968
104.778, 2.95158
104.815, 2.95575
104.852, 2.95765
104.889, 2.96179
104.926, 2.96369
104.963, 2.96784
105, 2.96973
105.036, 2.97386
105.073, 2.97576
105.109, 2.97989
105.146, 2.98178
105.182, 2.98588
105.219, 2.98779
105.255, 2.9919
105.291, 2.9938
105.327, 2.99788
105.363, 2.99979
105.399, 3.00388
105.435, 3.00578
105.471, 3.00984
105.506, 3.01175
105.542, 3.01582
105.578, 3.01774
105.613, 3.02178
105.648, 3.02368
105.684, 3.02773
105.719, 3.02965
105.754, 3.03367
105.789, 3.03558
105.824, 3.03961
105.859, 3.04153
105.894, 3.04553
105.928, 3.04744
105.963, 3.05145
105.998, 3.05337
106.032, 3.05736
106.066, 3.05927
106.1, 3.06327
106.135, 3.06519
106.169, 3.06917
106.203, 3.07109
106.237, 3.07507
106.271, 3.07699
106.305, 3.08095
106.339, 3.08286
106.372, 3.08682
106.406, 3.08874
106.439, 3.09267
106.473, 3.09457
106.506, 3.09851
106.54, 3.10042
106.573, 3.10436
106.606, 3.10625
106.639, 3.11015
106.673, 3.11205
106.706, 3.11595
106.739, 3.11783
106.771, 3.12171
106.804, 3.12359
106.837, 3.12746
106.869, 3.12932
106.902, 3.13316
106.934, 3.13503
106.967, 3.13887
106.999, 3.14071
107.031, 3.14451
107.063, 3.14636
107.096, 3.15016
107.128, 3.15199
107.159, 3.15576
107.191, 3.15759
107.223, 3.16136
107.255, 3.16317
107.286, 3.1669
107.318, 3.16872
107.349, 3.17245
107.38, 3.17424
107.412, 3.17793
107.443, 3.17973
107.474, 3.18342
107.505, 3.18522
107.536, 3.18888
107.567, 3.19066
107.598, 3.19431
107.629, 3.19609
107.659, 3.19971
107.69, 3.20147
107.721, 3.20509
107.751, 3.20684
107.781, 3.21042
107.812, 3.21216
107.842, 3.21574
107.872, 3.21748
107.902, 3.22102
107.932, 3.22274
107.962, 3.22628
107.992, 3.228
108.022, 3.2315
108.052, 3.2332
108.081, 3.2367
108.111, 3.23839
108.14, 3.24185
108.17, 3.24353
108.199, 3.24698
108.228, 3.24865
108.257, 3.25207
108.287, 3.25372
108.316, 3.25713
108.345, 3.25877
108.374, 3.26218
108.403, 3.2638
108.431, 3.26716
108.46, 3.26877
108.489, 3.27213
108.518, 3.27374
108.546, 3.27706
108.575, 3.27864
108.603, 3.28195
108.631, 3.28353
108.66, 3.28679
108.688, 3.28834
108.716, 3.2916
108.744, 3.29315
108.772, 3.29636
108.8, 3.29789
108.827, 3.3011
108.855, 3.30261
108.883, 3.30578
108.91, 3.30727
108.938, 3.31043
108.965, 3.31191
108.993, 3.31507
109.02, 3.31653
109.047, 3.31965
109.074, 3.32111
109.102, 3.32422
109.129, 3.32566
109.156, 3.32873
109.183, 3.33016
109.209, 3.33322
109.236, 3.33465
109.263, 3.33767
109.29, 3.33908
109.316, 3.3421
109.343, 3.3435
109.369, 3.34648
109.396, 3.34786
109.422, 3.35084
109.449, 3.35222
109.475, 3.35517
109.501, 3.35653
109.527, 3.35948
109.554, 3.36084
109.58, 3.36376
109.606, 3.36509
109.632, 3.368
109.658, 3.36933
109.684, 3.37222
109.71, 3.37353
109.735, 3.37641
109.761, 3.37772
109.787, 3.38057
109.813, 3.38186
109.838, 3.3847
109.864, 3.38598
109.889, 3.3888
109.915, 3.39006
109.94, 3.39287
109.966, 3.39412
109.991, 3.3969
110.016, 3.39814
110.041, 3.40091
110.067, 3.40214
110.092, 3.4049
110.117, 3.40612
110.142, 3.40885
110.167, 3.41007
110.192, 3.41279
110.217, 3.41399
110.241, 3.41669
110.266, 3.41788
110.291, 3.42057
110.316, 3.42174
110.34, 3.42441
110.365, 3.42558
110.39, 3.42824
110.414, 3.4294
110.438, 3.43204
110.463, 3.43319
110.487, 3.43582
110.512, 3.43695
110.536, 3.43956
110.56, 3.44069
110.585, 3.4433
