1, 0, 0, 0.201651, 11, 0.5
1, 22.3144, -2.41724, 0.160963, 18, 0.5
1, 22.2999, -2.5608, 0.143524, 21, 0.477273
1, 22.2829, -2.79687, 0.123328, 26, 0.553191
1, 22.2746, -2.81416, 0.137584, 23, 0.511111
1, 22.271, -2.77635, 0.114499, 28, 0.56
1, 22.2767, -2.53795, 0.108371, 27, 0.574468
1, 22.2445, -2.80192, 0.141713, 23, 0.511111
1, 22.2725, -2.57134, 0.097641, 34, 0.557377
1, 22.2727, -2.52994, 0.0995889, 41, 0.518987
1, 22.2442, -2.73238, 0.0958229, 36, 0.537313
1, 22.2282, -2.73166, 0.103637, 34, 0.5
1, 22.2401, -2.4974, 0.0762958, 43, 0.661538
1, 22.2263, -2.51913, 0.0887816, 37, 0.587302
1, 22.2139, -2.54804, 0.0904832, 37, 0.528571
1, 22.2004, -2.66379, 0.097563, 35, 0.507246
1, 22.206, -2.46356, 0.104522, 40, 0.519481
1, 22.1613, -2.68895, 0.101075, 40, 0.47619
1, 22.1722, -2.43314, 0.0908976, 49, 0.538462
1, 22.1608, -2.70972, 0.0806267, 52, 0.565217
1, 22.1659, -2.49175, 0.0754289, 61, 0.554545
1, 22.1255, -2.70455, 0.075359, 64, 0.561404
1, 22.1301, -2.66338, 0.0864526, 59, 0.457364
1, 22.1192, -2.71569, 0.112715, 56, 0.386207
1, 22.1275, -2.49095, 0.119712, 55, 0.348101
1, 22.1057, -2.71343, 0.125088, 54, 0.343949
1, 22.1051, -2.66189, 0.140139, 49, 0.295181
1, 21.7388, -2.47999, 0.124581, 54, 0.333333
1, 21.7217, -2.50331, 0.13877, 47, 0.311258
1, 21.7085, -2.46453, 0.123505, 55, 0.345912
1, 22.0939, -2.55171, 0.120046, 55, 0.350318
1, 22.0962, -2.60423, 0.118005, 53, 0.363014
1, 22.1177, -2.59594, 0.0948467, 59, 0.44697
1, 22.1133, -2.5755, 0.0872845, 62, 0.484375
1, 21.7098, -2.51275, 0.0933498, 54, 0.469565
1, 22.0928, -2.54916, 0.0913978, 47, 0.522222
1, 22.077, -2.53445, 0.0793868, 49, 0.590361
1, 22.0708, -2.52375, 0.0281374, 57, 0.982759
1, 22.0486, -2.52329, 0.0254389, 63, 1
1, 22.0366, -2.51989, 0.0265669, 58, 1
1, 22.0238, -2.51428, 0.0269897, 53, 1
1, 22.0133, -2.50733, 0.0288282, 46, 1
1, 21.9979, -2.51192, 0.0327253, 49, 0.960784
1, 21.9855, -2.4811, 0.0384372, 56, 0.875
1, 21.9705, -2.50107, 0.0453549, 63, 0.7875
1, 21.9674, -2.49862, 0.0826897, 57, 0.504425
1, 21.9621, -2.53538, 0.101434, 61, 0.412162
1, 21.9385, -2.51969, 0.101931, 66, 0.39759
1, 21.9122, -2.52585, 0.109267, 68, 0.361702
1, 38.8045, -3.59811, 0.129297, 22, 0.536585
1, 21.9022, -2.543, 0.107445, 72, 0.36
1, 38.788, -3.58297, 0.124474, 24, 0.533333
1, 21.8954, -2.51611, 0.122807, 62, 0.333333
1, 38.7652, -3.58338, 0.107262, 26, 0.577778
1, 39.8092, 5.60437, 0.141453, 11, 0.6875
1, 21.8786, -2.53557, 0.107693, 67, 0.380682
1, 38.7566, -3.6023, 0.115658, 27, 0.55102
1, 21.8367, -2.5251, 0.162488, 41, 0.30597
1, 38.7381, -3.57856, 0.0910681, 38, 0.603175
1, 39.8098, 5.70305, 0.158164, 16, 0.457143
1, 21.8303, -2.52108, 0.179336, 39, 0.282609
1, 38.7306, -3.57872, 0.118542, 30, 0.508475
1, 39.8193, 5.69003, 0.118624, 21, 0.583333
1, 22.2911, -2.28681, 0.203147, 34, 0.263566
1, 38.667, -3.29175, 0.132365, 30, 0.483871
1, 38.6726, -3.31032, 0.102173, 39, 0.549296
1, 39.8512, 5.67825, 0.108627, 24, 0.615385
1, 22.2518, -2.56717, 0.208216, 29, 0.281553
1, 38.6774, -3.30785, 0.0813936, 48, 0.615385
1, 39.8082, 5.7026, 0.086071, 31, 0.704545
1, 21.8281, -2.46635, 0.214469, 25, 0.287356
1, 39.8205, 5.68642, 0.182091, 28, 0.405797
1, 22.2479, -2.49748, 0.254841, 19, 0.253333
1, 42.1694, -6.71227, 0.0904339, 13, 0.866667
1, 42.1425, -6.70669, 0.0812875, 15, 0.882353
1, 38.6795, -3.318, 0.0707664, 64, 0.576577
1, 39.4351, 5.70369, 0.174898, 27, 0.355263
1, 38.7302, -3.53407, 0.0688965, 67, 0.582609
0, 43.7124, 10.2948, 0.358577, 13, 0.276596
1, 38.7183, -3.54815, 0.0783167, 64, 0.528926
0, 39.4393, 5.66594, 0.184518, 27, 0.321429
1, 21.8257, -2.46871, 0.225923, 19, 0.333333
1, 42.1732, -6.7342, 0.077559, 15, 0.9375
1, 38.7234, -3.52778, 0.0649792, 76, 0.584615
1, 39.4535, 5.64783, 0.159906, 31, 0.360465
0, 42.144, -6.73245, 0.0710369, 16, 0.941176
1, 38.6804, -3.36979, 0.0701459, 74, 0.552239
0, 39.7811, 5.70127, 0.132252, 34, 0.414634
1, 42.1856, -6.74184, 0.0872111, 13, 0.8125
1, 38.6847, -3.34375, 0.0673113, 77, 0.601562
1, 39.7838, 5.73122, 0.153422, 30, 0.361446
1, 21.7972, -2.5015, 0.272683, 14, 0.325581
0, 38.7217, -3.48238, 0.0605995, 67, 0.609091
1, 21.7748, -2.44598, 0.180085, 18, 0.439024
0, 43.9383, 10.2281, 0.374452, 26, 0.146893
1, 38.7228, -3.48755, 0.0685533, 59, 0.567308
1, 39.8008, 5.75335, 0.13034, 34, 0.4
1, 47.2953, -6.94701, 0.198696, 11, 0.647059
0, 43.7675, 10.2408, 0.294213, 37, 0.182266
1, 39.4633, 5.73709, 0.146395, 42, 0.333333
1, 38.6971, -3.38852, 0.0658418, 56, 0.643678
0, 43.7571, 10.2474, 0.38594, 29, 0.145729
1, 38.7013, -3.39326, 0.0548587, 54, 0.692308
0, 43.7216, 10.2685, 0.44397, 28, 0.122271
1, 38.6938, -3.37066, 0.0432973, 66, 0.795181
0, 43.7578, 10.2713, 0.451015, 27, 0.121076
1, 39.8376, 5.71732, 0.177761, 38, 0.290076
0, 38.6956, -3.37826, 0.0328064, 76, 0.873563
0, 43.7632, 10.2793, 0.369631, 33, 0.139831
1, 39.4734, 5.83483, 0.158213, 34, 0.314815
1, 38.6929, -3.38535, 0.0336462, 70, 0.864198
0, 43.7651, 10.289, 0.364264, 33, 0.141026
1, 38.6815, -3.38046, 0.0328729, 71, 0.865854
0, 43.7333, 10.307, 0.361226, 33, 0.139241
1, 39.7987, 5.70676, 0.143526, 37, 0.373737
1, 38.6624, -3.35693, 0.0387528, 58, 0.865672
0, 43.7488, 10.3002, 0.372202, 35, 0.130112
0, 39.8643, 5.7319, 0.134902, 35, 0.388889
1, 38.6452, -3.32573, 0.0474482, 58, 0.805556
1, 42.1249, -6.64639, 0.0572634, 29, 0.783784
0, 43.7573, 10.3181, 0.454796, 29, 0.113281
1, 39.5506, 5.8091, 0.1307, 36, 0.371134
1, 38.6518, -3.39259, 0.0647801, 59, 0.62766
1, 42.1269, -6.64561, 0.0616457, 29, 0.852941
0, 43.7677, 10.3215, 0.47114, 27, 0.109756
0, 38.6375, -3.30367, 0.076976, 56, 0.523364
1, 39.5293, 5.82597, 0.120373, 39, 0.402062
1, 42.1209, -6.63717, 0.0825998, 23, 0.69697
0, 44.2673, 10.3411, 0.471326, 26, 0.112554
1, 38.6516, -3.41811, 0.0763611, 72, 0.553846
0, 43.7732, 10.3376, 0.442726, 28, 0.122271
1, 42.0893, -6.61699, 0.191664, 27, 0.473684
1, 38.6507, -3.41347, 0.0903793, 69, 0.469388
0, 43.7745, 10.3522, 0.416471, 25, 0.141243
1, 38.5875, -3.13403, 0.0810908, 74, 0.490066
0, 39.5682, 5.88762, 0.157131, 37, 0.321739
1, 52.3426, -6.97601, 0.226905, 8, 0.5
0, 43.7805, 10.3654, 0.351586, 27, 0.166667
1, 38.6009, -3.19069, 0.0807053, 69, 0.485915
1, 39.5718, 5.83749, 0.151081, 37, 0.349057
0, 43.8001, 10.3817, 0.299521, 32, 0.183908
1, 38.5943, -3.15309, 0.0826295, 64, 0.516129
1, 39.5773, 5.85146, 0.127143, 38, 0.457831
1, 51.9487, -7.00116, 0.204047, 9, 0.529412
0, 44.6383, 10.3724, 0.410517, 27, 0.160714
0, 38.6309, -3.36339, 0.0756261, 59, 0.584158
1, 39.557, 5.87107, 0.0843887, 35, 0.625
1, 46.8088, -6.77218, 0.137327, 19, 0.542857
1, 51.9409, -6.98862, 0.194462, 10, 0.526316
0, 43.8081, 10.3718, 0.418367, 28, 0.127273
1, 38.6044, -3.1632, 0.0882217, 49, 0.538462
0, 39.561, 5.9041, 0.0756876, 40, 0.645161
1, 47.2175, -6.77285, 0.189224, 14, 0.451613
1, 51.9347, -6.96685, 0.16487, 11, 0.578947
0, 43.8463, 10.3653, 0.426064, 31, 0.115672
1, 38.648, -3.38043, 0.0862512, 52, 0.547368
1, 39.576, 5.89827, 0.0830158, 38, 0.622951
1, 46.8097, -6.75234, 0.172222, 15, 0.5
0, 44.3153, 10.4233, 0.314407, 42, 0.158491
0, 38.6514, -3.36965, 0.083238, 48, 0.578313
1, 39.5829, 5.92475, 0.100035, 31, 0.563636
0, 44.3004, 10.417, 0.320937, 41, 0.158915
0, 38.6042, -3.11314, 0.115435, 40, 0.481928
0, 39.5791, 5.9969, 0.149397, 25, 0.416667
0, 43.8347, 10.4324, 0.366069, 34, 0.133333
1, 39.0357, -3.36165, 0.220873, 22, 0.309859
1, 39.5821, 5.94489, 0.233051, 17, 0.314815
0, 44.196, 10.4327, 0.393835, 32, 0.125
0, 40.0281, 5.92526, 0.30609, 14, 0.318182
0, 44.291, 10.4397, 0.365749, 35, 0.135659
1, 39.5578, 5.94212, 0.220322, 19, 0.345455
1, 39.563, 5.94959, 0.213067, 15, 0.405405
1, 52.3124, -6.92359, 0.0307065, 19, 1
0, 44.265, 10.451, 0.396802, 32, 0.130612
1, 42.4237, -6.49716, 0.202702, 13, 0.448276
1, 39.5596, 5.97771, 0.224557, 12, 0.413793
0, 44.2676, 10.4557, 0.324962, 34, 0.169154
1, 39.0207, -3.2939, 0.266219, 13, 0.333333
1, 39.5612, 5.94831, 0.184445, 13, 0.481481
0, 55.9327, -8.63541, 0.401017, 37, 0.152893
0, 44.2817, 10.4528, 0.305365, 33, 0.184358
1, 39.0186, -3.31499, 0.271519, 13, 0.342105
1, 39.5513, 5.94816, 0.166551, 15, 0.517241
0, 44.2746, 10.4695, 0.291585, 35, 0.181347
0, 42.4103, -6.48129, 0.133768, 11, 0.733333
0, 44.2384, 10.5284, 0.496769, 14, 0.164706
0, 44.2491, 10.5624, 0.468563, 12, 0.2
0, 47.1233, -6.65295, 0.347643, 9, 0.409091
1, 67.9846, -4.02151, 0.216505, 26, 0.351351
1, 67.9279, -3.29963, 0.2052, 27, 0.333333
1, 67.9294, -3.23843, 0.217268, 25, 0.347222
1, 52.202, -6.81946, 0.184711, 14, 0.5
1, 67.9203, -3.25326, 0.163384, 34, 0.395349
0, 67.9716, -3.88334, 0.179421, 38, 0.342342
1, 67.9634, -3.86589, 0.175289, 39, 0.345133
1, 67.949, -3.88227, 0.211453, 38, 0.275362
1, 67.5035, -3.20801, 0.232727, 38, 0.223529
0, 67.9489, -3.90315, 0.227638, 43, 0.225131
1, 67.8846, -3.20494, 0.20059, 52, 0.213115
1, 67.8747, -3.15158, 0.175179, 58, 0.246809
1, 67.8621, -3.15405, 0.153385, 61, 0.273543
1, 67.887, -3.89486, 0.11517, 70, 0.404624
1, 67.8874, -3.85135, 0.141729, 51, 0.380597
1, 67.7106, -3.05507, 0.192082, 52, 0.251208
1, 67.7038, -3.06531, 0.209858, 45, 0.245902
1, 85.2193, 3.05277, 0.10632, 16, 0.666667
1, 85.2134, 2.98093, 0.099608, 17, 0.708333
1, 85.2242, 3.03972, 0.0912585, 21, 0.677419
1, 67.7321, -3.73568, 0.269078, 27, 0.228814
1, 85.2164, 3.05535, 0.0853025, 20, 0.740741
1, 85.2346, 2.99207, 0.080225, 27, 0.710526
1, 85.2547, 3.04788, 0.0773023, 23, 0.741935
1, 85.2296, 3.06769, 0.0869758, 19, 0.730769
1, 85.2431, 3.0525, 0.0822172, 22, 0.709677
1, 85.2402, 3.06009, 0.0914946, 20, 0.666667
1, 85.2566, 3.10501, 0.134363, 24, 0.470588
1, 85.246, 3.0744, 0.154843, 21, 0.42
1, 85.2517, 3.10647, 0.165453, 19, 0.422222
1, 84.9154, 2.99588, 0.176822, 17, 0.414634
1, 85.2327, 3.09098, 0.173745, 20, 0.37037
1, 85.2292, 3.14613, 0.15073, 23, 0.403509
1, 84.9398, 3.03409, 0.184833, 18, 0.36
1, 85.2257, 3.15577, 0.175298, 21, 0.355932
1, 85.1208, 3.09984, 0.146044, 26, 0.371429
0, 85.2408, 3.16235, 0.167443, 22, 0.360656
1, 67.6826, -2.99579, 0.243595, 15, 0.405405
1, 84.9499, 3.05777, 0.175759, 21, 0.33871
1, 85.2376, 3.09076, 0.129426, 33, 0.375
1, 84.9502, 3.11458, 0.118815, 36, 0.395604
1, 85.2638, 3.17704, 0.151635, 25, 0.373134
1, 85.2635, 3.05925, 0.141807, 28, 0.394366
1, 84.9656, 3.17384, 0.146561, 25, 0.396825
1, 85.2882, 3.11931, 0.134482, 24, 0.428571
1, 85.2947, 3.08903, 0.081584, 26, 0.702703
0, 85.2869, 3.07648, 0.101254, 23, 0.638889
1, 85.2958, 3.13235, 0.129201, 17, 0.53125
1, 85.2987, 3.14214, 0.128058, 21, 0.512195
1, 85.3046, 3.14909, 0.150238, 21, 0.42
1, 85.3078, 3.1489, 0.163634, 22, 0.385965
1, 84.9661, 3.1663, 0.110337, 38, 0.447059
1, 84.9476, 3.15813, 0.100451, 42, 0.47191
1, 84.9494, 3.19556, 0.0869121, 41, 0.532468
1, 84.9734, 3.23607, 0.0631812, 38, 0.716981
0, 84.9658, 3.21387, 0.0638095, 36, 0.734694
1, 84.9487, 3.21258, 0.0677747, 37, 0.698113
1, 84.9384, 3.27959, 0.0823323, 30, 0.638298
0, 84.9491, 3.23196, 0.121116, 22, 0.536585
1, 84.9395, 3.18903, 0.147484, 18, 0.5
0, 84.9331, 3.21847, 0.129741, 17, 0.548387
1, 84.9224, 3.22004, 0.0935796, 22, 0.666667
1, 84.9278, 3.24305, 0.112868, 22, 0.578947
0, 84.9178, 3.21197, 0.167523, 18, 0.439024
0, 84.9101, 3.27521, 0.207039, 14, 0.4
1, 84.8886, 3.2405, 0.160814, 20, 0.444444
1, 84.8909, 3.17167, 0.187098, 17, 0.425
1, 84.8933, 3.21786, 0.22165, 11, 0.423077
0, 84.9034, 3.21853, 0.179435, 13, 0.5
1, 84.9083, 3.14772, 0.241861, 10, 0.434783
1, 115.136, 8.25959, 0.261012, 10, 0.416667
0, 118.464, 6.50671, 0.264892, 20, 0.253165
1, 114.924, 8.32048, 0.244691, 16, 0.32
0, 115.739, 3.919, 0.356887, 7, 0.304348
0, 115.011, 8.27834, 0.550128, 31, 0.111111
0, 112.991, 11.4573, 0.388085, 24, 0.176471
0, 118.543, 6.61788, 0.664269, 32, 0.107744
0, 113.16, 11.3912, 0.286926, 40, 0.192308
0, 113.12, 11.4505, 0.344121, 31, 0.17033
1, 122.69, 6.35105, 0.242485, 14, 0.378378
1, 122.753, 6.36693, 0.106743, 34, 0.557377
